vorago-sweep-record 2
name Teeming
takeCount 4
timeline 155 45 5.9999871253967285 160 220 160 220 220 280 280 340 340 395.99998712539673 405.99998712539673 405.99998712539673 0
takes 4
take 11 1 0.28009897470474243 -23.082568502573089 -31.949252656055172 2.2353441270770205 -132.78593322024636 1 1 1 1
minute 5.5868808635339366 -0.023824206113334391 -5.9806995948838022 -12.490824120039733 -14.397962343652631 -15.846333866917178 -16.845782134711293 -17.776976845697568 -18.480251217805066 0.54152002642931962 -1.430551516872087 -3.050856351852417 2.0871589838254461 4.6037918728916249
minute 5.382895574772661 -0.031257928911138322 -5.5940576495308694 -11.842878275307699 -13.985594716433649 -15.679715117377869 -16.675729388597034 -17.605538679216931 -18.308220101142972 0.48723605607164922 -1.3415416802523814 -2.9295713901519775 1.1945876517618836 4.4654552732558805
minute 5.0065276854158904 -0.01702721336863296 -6.4644989997604014 -12.658246838635025 -15.543724202408807 -17.20074912502227 -18.221133357520241 -19.164594084249508 -19.872929894838805 0.57325613349068361 -1.2367758353780662 -2.798985481262207 1.0575597974145594 4.5451065722266186
take 12 1 0.35058450698852539 -21.66748697219456 -30.459809607393311 1.060843327028838 -130.80189867084951 1 1 1 1
minute 4.9006705068417631 -0.017219969110212691 -6.4627296349476726 -11.744827369123968 -17.129647386970735 -18.590463077868513 -19.643106697543605 -20 -20 0.50749365610539887 -1.3276127153370665 -2.8907351493835449 1.0428338386310418 4.4885754314948167
minute 4.8172628518741014 -0.030930116251973061 -5.6053875926816303 -11.868549688178931 -15.207620135891839 -16.515744303541684 -17.522111188847223 -18.456957526345207 -19.162740665866906 0.45343291246724932 -1.2179477070550593 -2.6363143920898438 1.4195755236510879 4.5291411607298162
minute 5.3767122709946626 -0.03203871006293231 -5.5614440352037491 -11.329121267171072 -15.496189196375981 -17.594574612266314 -18.671174919178078 -19.631837437632832 -20 0.45075709456578511 -1.2921287348406651 -2.8692498207092285 1.6416121375475676 5.0847959759284276
take 13 1 0.36038240790367126 -21.818483375696928 -28.681440250470615 -0.25334545687906385 -118.45358093976651 1 1 1 1
minute 5.1305011958303064 -0.035109456475552747 -5.4318116694353522 -11.641299868905861 -13.511236268637072 -14.537840139413811 -15.540229673415709 -16.467985391589046 -17.170209288764156 0.38879932018859542 -1.3116600948787829 -2.8826241493225098 1.5739063318614259 5.2671673578447704
minute 4.9817166040715124 -0.077377250605569728 -4.316517877028355 -9.5884324582919618 -16.549692576461712 -18.993671911328249 -20 -20 -20 0.30038843243449254 -1.273984147189386 -2.7708353996276855 1.1036029664359071 4.9552433087486687
minute 5.0270559740033045 -0.046333189474959603 -5.0432143666143165 -10.387564148182165 -15.231282903455408 -17.037664016620703 -18.174267661682443 -19.11208904481186 -19.817359437677798 0.41989867402774661 -1.2893893140611214 -2.7744512557983398 1.3985740555933703 4.4283096791130676
take 14 1 0.30893042683601379 -22.42386597831516 -27.875090269852841 1.2077685045489623 -157.36214264218614 1 1 1 1
minute 5.5173731521433922 -0.073963386727584179 -4.3542135583584782 -11.434548720795977 -15.676185767425361 -16.860801160719276 -17.870188996731262 -18.808011547415422 -19.514139069533286 0.44386902304015613 -1.4226856599321593 -3.0558235645294189 0.84195820771343144 4.0463684384962857
minute 5.5586459229772718 -0.068649575227539117 -4.4884838991292826 -10.1493283590723 -12.341329106964224 -13.369303569160531 -14.354806054683994 -15.279010018267442 -15.979334841548596 0.45521351494811707 -1.4091542134234072 -3.0081276893615723 1.0053916047527662 4.2716643581465199
minute 5.2128000218986941 -0.021538975934691486 -6.1517862369262222 -11.665965994645099 -13.438924901541295 -14.479005533923381 -15.465847438165115 -16.391307239404775 -17.091944523908651 0.53860759516577117 -1.2768391435151183 -2.8526091575622559 0.74772124798114448 4.1599318607768128
mean 5.2082535520297917 -0.039605831522010054 -5.4545704262083436 -11.400132259029149 -14.875782458851557 -16.392155536179985 -17.415364792589667 -18.224525651219217 -18.783094086757181 0.4633727032445803 -1.3191892302279418 -2.8766819834709167 1.2595401955974694 4.5704626074711099
selfDistance 1.708389426330595
levelTwinD 9.7708887935130743e-06
storedMacros 0 0
cells 79
cell 1 1 1 1.3551466778428851 3.41677885266119 -1
skip 
cell 1 1 1 1.9471666582521656 3.41677885266119 -1
skip 
cell 1 1 1 0.29298473457627783 3.41677885266119 -1
skip 
cell 1 1 1 0.022313308142798034 3.41677885266119 -1
skip 
cell 1 1 1 1.3885959998630233 3.41677885266119 -1
skip 
cell 1 1 1 0.14655270761977254 3.41677885266119 -1
skip 
cell 1 1 1 10.102109191869754 3.41677885266119 -1
skip 
cell 1 1 1 5.6707775234565698 3.41677885266119 -1
skip 
cell 1 1 1 8.3787442127878666 3.41677885266119 -1
skip 
cell 1 1 1 11.78377504570979 3.41677885266119 -1
skip 
cell 0 1 0 0 3.41677885266119 -1
skip M displacement
cell 0 1 0 0 3.41677885266119 -1
skip M displacement
cell 0 1 0 0 3.41677885266119 -1
skip M displacement
cell 0 1 0 0 3.41677885266119 -1
skip M displacement
cell 0 1 0 0 3.41677885266119 -1
skip M displacement
cell 0 1 0 0 3.41677885266119 -1
skip M displacement
cell 0 1 0 0 3.41677885266119 -1
skip M displacement
cell 0 1 0 0 3.41677885266119 -1
skip M displacement
cell 0 1 0 0 3.41677885266119 -1
skip M displacement
cell 1 1 1 0.99429685005845847 3.41677885266119 -1
skip 
cell 0 1 0 0 3.41677885266119 -1
skip M displacement
cell 0 1 0 0 3.41677885266119 -1
skip M displacement
cell 1 1 1 2.7534272539936704 3.4883157202713626 2.3896112730054706
skip 
cell 1 1 1 3.3708934829681509 5.4523583854383988 2.3896112730054706
skip 
cell 1 1 1 2.2199750319858884 20.223708325007333 2.3896112730054706
skip 
cell 1 1 1 2.3825386345626258 3.5058434822452327 2.3896112730054706
skip 
cell 1 1 1 7.6548572927762422 10.025450074110461 2.3896112730054706
skip 
cell 0 1 0 0 3.41677885266119 -1
skip side predicate
cell 0 1 0 0 3.41677885266119 -1
skip side predicate
cell 0 1 0 0 0 -1
skip state-only kind
cell 0 1 0 0 0 -1
skip state-only kind
cell 0 1 0 0 0 -1
skip state-only kind
cell 0 1 0 0 0 -1
skip state-only kind
cell 0 1 0 0 0 -1
skip state-only kind
cell 1 1 0 0 0 -1
skip state-only kind
cell 1 1 0 0 0 -1
skip state-only kind
cell 0 1 0 0 0 -1
skip state-only kind
cell 0 1 0 0 0 -1
skip state-only kind
cell 0 1 0 0 0 -1
skip state-only kind
cell 0 1 0 0 0 -1
skip state-only kind
cell 1 1 0 0 0 -1
skip state-only kind
cell 1 0 1 1.3551466778428851 0 -1
skip 
cell 1 0 1 1.3551466778428851 0 -1
skip 
cell 1 0 1 1.3551466778428851 0 -1
skip 
cell 1 0 1 1.3551466778428851 0 -1
skip 
cell 0 0 0 0 0 -1
skip state-only kind
cell 0 0 0 0 0 -1
skip state-only kind
cell 0 0 0 0 0 -1
skip state-only kind
cell 0 0 0 0 0 -1
skip state-only kind
cell 0 0 0 0 0 -1
skip state-only kind
cell 1 0 0 0 0 -1
skip state-only kind
cell 0 0 0 0 0 -1
skip state-only kind
cell 0 0 0 0 0 -1
skip state-only kind
cell 0 0 0 0 0 -1
skip state-only kind
cell 0 0 0 0 0 -1
skip state-only kind
cell 0 0 0 0 0 -1
skip state-only kind
cell 0 0 0 0 0 -1
skip state-only kind
cell 0 1 0 0 0 -1
skip state-only kind
cell 0 1 0 0 0 -1
skip state-only kind
cell 1 1 0 0 0 -1
skip state-only kind
cell 1 0 0 0 0 -1
skip state-only kind
cell 0 0 0 0 0 -1
skip state-only kind
cell 0 0 0 0 0 -1
skip state-only kind
cell 1 0 0 0 0 -1
skip state-only kind
cell 0 0 0 0 0 -1
skip state-only kind
cell 0 0 0 0 0 -1
skip state-only kind
cell 1 1 0 0 0 -1
skip state-only kind
cell 0 1 0 0 0 -1
skip state-only kind
cell 0 1 0 0 0 -1
skip state-only kind
cell 1 1 0 0 0 -1
skip state-only kind
cell 0 0 0 0 0 -1
skip state-only kind
cell 1 1 0 0 0 -1
skip state-only kind
cell 0 1 0 0 0 -1
skip state-only kind
cell 0 1 0 0 0 -1
skip state-only kind
cell 1 1 0 0 0 -1
skip state-only kind
cell 1 1 1 0.85597809977046713 3.41677885266119 -1
skip 
cell 0 1 0 0 3.41677885266119 -1
skip state false
cell 0 1 0 0 3.41677885266119 -1
skip state false
cell 0 1 0 0 3.41677885266119 -1
skip state false
gesture 0 0 0 0 0
rates 1 0.3005201518535614 -23.423299128539384 1 0.21884091198444366 -24.550051902030088
reproducible 1
end
