vorago-sweep-record 2
name Erosion
takeCount 4
timeline 155 45 15.999992370605469 160 220 160 220 220 280 280 340 340 405.99999237060547 415.99999237060547 415.99999237060547 0
takes 4
take 14 1 0.23965173959732056 -24.321182790049356 -36.430405957663133 -0.98533510397463075 -192.7032314126144 1 1 1 1
minute 6.9072663196790316 -0.14283059330249159 -3.4747746284685448 -8.3847791742232403 -12.366836078498551 -16.624487898789983 -18.798558427319854 -19.923357168891634 -20 0.30254080969190783 -2.0003958220290246 -3.4403390884399414 1.9224772176367917 4.5263022356567975
minute 6.9230285739119255 -0.097101811998903997 -4.0353107156490395 -8.5271406422703322 -11.617774018897741 -13.206054006288959 -14.248743620035386 -15.192434483481232 -15.900023803856193 0.332861313126605 -1.9875112088896212 -3.4092340469360352 2.7864744819780429 4.9740403791409928
minute 6.5040980541093463 -0.079274837220265695 -4.3183945463815947 -8.6498079596772328 -13.420506453315358 -16.798209193056937 -18.329641151942283 -19.4200018426912 -20 0.35873916066671396 -1.9512509231714941 -3.431826114654541 2.142165055043141 4.5507081390733903
take 15 1 0.26879063248634338 -22.610071101711597 -38.300861797392933 1.3566252663948752 -191.1868298893848 1 1 1 1
minute 5.4490897459583003 -0.11474909212438669 -3.8016914206271459 -8.2061112941500483 -11.419474082831607 -16.044691621412959 -18.971617364667953 -20 -20 0.3828521310551346 -1.915287638401282 -3.368269681930542 2.4677322406923543 5.0271327909896657
minute 4.7784117209137804 -0.06783790953458653 -4.6098402450376144 -7.9548138236939536 -12.167058764057444 -15.35109180081794 -16.596488274161448 -17.544271785084923 -18.250895960543492 0.39303231802682109 -1.8413203043345807 -3.3232324123382568 1.8969826774099405 4.7783634568262805
minute 6.3784237442056781 -0.088193742848157314 -4.2193039391516383 -7.8592327633700449 -11.328894576604458 -14.416251145234032 -15.440541117731195 -16.379845752013722 -17.086102037133291 0.36297284592313134 -1.9368359914700031 -3.4142694473266602 2.3186279831227061 4.7172900061601784
take 0 1 0.23472455143928528 -23.695748877243169 -33.471168571031967 0.35823012536403809 -180.00954180393614 1 1 1 1
minute 6.8879882197348694 -0.047823449670796471 -5.0276718081769403 -9.5454092669470771 -13.731094713583438 -16.136496893875542 -17.248756866335334 -18.217322919893615 -18.936009140243286 0.36125782629904679 -2.0500970238631009 -3.4997327327728271 2.6894019366491317 4.9025234472286119
minute 6.8400826304951652 -0.04397984756419504 -5.1556008557360471 -9.4749790411382921 -13.691167282889868 -17.663440155738925 -19.153914713003605 -20 -20 0.26271580421592772 -2.0769388419011325 -3.443152904510498 2.0758639599330726 4.1806799423270036
minute 7.332188007432654 -0.026930870918408324 -5.8765961585218367 -9.8558415317127572 -14.450292739662858 -16.39696952729016 -17.620762035712602 -18.712316456550198 -19.508893708596716 0.35333525071204458 -2.1106826747090932 -3.4665505886077881 2.2276666351633447 4.5831042700209821
take 1 1 0.2497786283493042 -23.587725551233127 -34.434195039719782 -1.2727108274864491 -172.77706584518563 1 1 1 1
minute 7.4527725198946957 -0.028960836854137046 -5.8129296559171735 -9.5340189617391786 -12.187643090704643 -13.489115391433916 -14.511805156124083 -15.463398271077228 -16.179105253311022 0.34452054756371736 -2.1322564825863797 -3.465017557144165 2.2647810905073675 4.7197560078988143
minute 7.2431699505974692 -0.059981951801079937 -4.741854966375695 -8.7153003014899255 -12.133409745528304 -13.858798021930731 -14.866035185232853 -15.800096903208267 -16.504011385046876 0.27881714546322844 -2.0139935559457665 -3.4061028957366943 2.0932734971854621 4.3466399359066106
minute 6.2959534283291205 -0.056910514204972174 -4.8204973761448588 -8.6408112477410199 -12.590744201065705 -16.047125054253453 -17.170875007489769 -18.147953181774177 -18.876455867871407 0.32479747781124318 -1.9612399969515455 -3.4515829086303711 1.9151347455070726 5.2761005201342916
mean 6.582706076271835 -0.071214621503531722 -4.6578721930156775 -8.7790205006794242 -12.592074645636664 -15.502727559176963 -16.9131449099797 -17.900083230388848 -18.436791429716855 0.33820355254629342 -1.998150872021085 -3.4266091982523599 2.2333817934023688 4.7152200942803013
selfDistance 2.1707954625623391
levelTwinD 1.6693957466537859e-05
storedMacros 0 0
cells 79
cell 1 1 1 5.6676169819313582 4.3415909251246783 -1
skip 
cell 1 1 1 2.065570234341906 4.3415909251246783 -1
skip 
cell 1 1 1 0.79473677549662491 4.3415909251246783 -1
skip 
cell 1 1 1 0.0077921197568457459 4.3415909251246783 -1
skip 
cell 1 1 1 1.5682013998151449 4.3415909251246783 -1
skip 
cell 1 1 1 0.56192707735087477 4.3415909251246783 -1
skip 
cell 1 1 1 2.4904643234273758 4.3415909251246783 -1
skip 
cell 1 1 1 7.3844136975297685 4.3415909251246783 -1
skip 
cell 1 1 0 0 4.3415909251246783 -1
skip override equals stored
cell 1 1 1 9.18840794659795 4.3415909251246783 -1
skip 
cell 0 1 0 0 4.3415909251246783 -1
skip M displacement
cell 1 1 1 3.2191390763261696 4.3415909251246783 -1
skip 
cell 0 1 0 0 4.3415909251246783 -1
skip M displacement
cell 0 1 0 0 4.3415909251246783 -1
skip M displacement
cell 0 1 0 0 4.3415909251246783 -1
skip M displacement
cell 0 1 0 0 4.3415909251246783 -1
skip M displacement
cell 0 1 0 0 4.3415909251246783 -1
skip M displacement
cell 0 1 0 0 4.3415909251246783 -1
skip M displacement
cell 0 1 0 0 4.3415909251246783 -1
skip M displacement
cell 0 1 0 0 4.3415909251246783 -1
skip M displacement
cell 0 1 0 0 4.3415909251246783 -1
skip M displacement
cell 0 1 0 0 4.3415909251246783 -1
skip M displacement
cell 1 1 1 1.1976199247914447 3.8551798979107827 6.5880832507420966
skip 
cell 1 1 1 6.0741365721860072 6.3923353630069784 6.5880832507420966
skip 
cell 1 1 1 2.7108255838878148 7.2946193662207675 6.5880832507420966
skip 
cell 1 1 1 6.5902074934990846 3.7928131259428861 6.5880832507420966
skip 
cell 1 1 1 6.5880832507420966 3.8193952794682957 6.5880832507420966
skip 
cell 0 1 0 0 4.3415909251246783 -1
skip side predicate
cell 0 1 0 0 4.3415909251246783 -1
skip side predicate
cell 0 1 0 0 0 -1
skip state-only kind
cell 0 1 0 0 0 -1
skip state-only kind
cell 0 1 0 0 0 -1
skip state-only kind
cell 0 1 0 0 0 -1
skip state-only kind
cell 0 1 0 0 0 -1
skip state-only kind
cell 1 1 0 0 0 -1
skip state-only kind
cell 1 1 0 0 0 -1
skip state-only kind
cell 0 1 0 0 0 -1
skip state-only kind
cell 0 1 0 0 0 -1
skip state-only kind
cell 0 1 0 0 0 -1
skip state-only kind
cell 0 1 0 0 0 -1
skip state-only kind
cell 1 1 0 0 0 -1
skip state-only kind
cell 1 1 1 5.6676169819313582 0 -1
skip 
cell 0 1 1 5.6676169819313582 0 -1
skip 
cell 1 1 1 5.6676169819313582 0 -1
skip 
cell 0 1 1 5.6676169819313582 0 -1
skip 
cell 0 1 0 0 0 -1
skip state-only kind
cell 0 1 0 0 0 -1
skip state-only kind
cell 0 1 0 0 0 -1
skip state-only kind
cell 1 1 0 0 0 -1
skip state-only kind
cell 1 1 0 0 0 -1
skip state-only kind
cell 1 1 0 0 0 -1
skip state-only kind
cell 0 1 0 0 0 -1
skip state-only kind
cell 0 1 0 0 0 -1
skip state-only kind
cell 0 1 0 0 0 -1
skip state-only kind
cell 0 1 0 0 0 -1
skip state-only kind
cell 0 1 0 0 0 -1
skip state-only kind
cell 0 1 0 0 0 -1
skip state-only kind
cell 0 1 0 0 0 -1
skip state-only kind
cell 0 1 0 0 0 -1
skip state-only kind
cell 1 1 0 0 0 -1
skip state-only kind
cell 1 0 0 0 0 -1
skip state-only kind
cell 0 0 0 0 0 -1
skip state-only kind
cell 0 0 0 0 0 -1
skip state-only kind
cell 1 1 0 0 0 -1
skip state-only kind
cell 0 1 0 0 0 -1
skip state-only kind
cell 0 1 0 0 0 -1
skip state-only kind
cell 1 1 0 0 0 -1
skip state-only kind
cell 0 1 0 0 0 -1
skip state-only kind
cell 0 1 0 0 0 -1
skip state-only kind
cell 1 1 0 0 0 -1
skip state-only kind
cell 0 0 0 0 0 -1
skip state-only kind
cell 1 1 0 0 0 -1
skip state-only kind
cell 0 0 0 0 0 -1
skip state-only kind
cell 0 0 0 0 0 -1
skip state-only kind
cell 1 1 0 0 0 -1
skip state-only kind
cell 0 1 0 0 4.3415909251246783 -1
skip state false
cell 0 1 0 0 4.3415909251246783 -1
skip state false
cell 0 1 0 0 4.3415909251246783 -1
skip state false
cell 0 1 0 0 4.3415909251246783 -1
skip state false
gesture 0 0 0 0 0
rates 1 0.2156217098236084 -26.200127015059564 1 0.18385721743106842 -27.857816178493696
reproducible 1
end
