vorago-sweep-record 2
name Slow Bloom
takeCount 4
timeline 115.00021875 40.000066406249999 14.999993324279785 120.00021875 180.00021874999999 120.00021875 180.00021874999999 180.00021874999999 240.00021874999999 240.00021874999999 300.00021874999999 300.00021874999999 360.0002784805298 370.0002784805298 370.0002784805298 0
takes 4
take 7 1 0.34875279664993286 -20.5201732514494 -27.426011404387481 0.36039147109524095 -185.54033788718738 1 1 1 1
minute 5.3317414517010064 -0.048312541844325096 -4.9994521292282688 -9.8262109103829154 -14.336733828050516 -17.287420658807164 -19.020143006009249 -20 -20 0.3944545631622231 -1.4905207133527971 1.6229052543640137 1.2005036612931796 4.2863769638215992
minute 5.2711100441214764 -0.12769967383794995 -3.6186478973466265 -8.8699786868763013 -13.211426587273589 -15.927319658035753 -17.167886682836194 -18.106837069403053 -18.810329026559167 0.21998248746789376 -1.5365838210017373 1.551877498626709 1.4218421275870241 4.0606473468440907
minute 5.3473266642491204 -0.038288044799332489 -5.3104648475709313 -11.003988936072425 -14.23793334921778 -15.999244767014064 -17.096307226330481 -18.030039759220411 -18.732305092018148 0.23354554307931968 -1.5269752965085048 1.4885901212692261 0.72940524216845148 3.8336204023341001
take 8 1 0.43515783548355103 -21.066085601073365 -25.254696246968642 -0.74388728465745402 -184.13729939879741 1 1 1 1
minute 5.6838824054107935 -0.033085948883415497 -5.5205122600937262 -11.348846080824185 -13.827747755312139 -15.057199174975482 -16.057041179662008 -16.9856783483621 -17.686606425096013 0.28085101905611803 -1.5903915687942918 1.6746853590011597 1.0615185163413756 4.1364821857749963
minute 5.4384858665553084 -0.019296073989683766 -6.3181371359462162 -11.148130467585364 -14.615120549643766 -16.270889274769406 -17.308223024942819 -18.238926827513598 -18.939928067646221 0.22741616396322845 -1.5500044783762759 1.5030531883239746 1.0124146769839233 3.9100744124827829
minute 5.6877839108162087 -0.043106273735285562 -5.1565955673378596 -10.237626947674883 -13.841938567662837 -15.646071938255583 -16.705283539236056 -17.640101740313142 -18.342383776367981 0.17988302739483306 -1.6333931275853633 1.6789888143539429 0.84319963745962967 3.8600205666298049
take 9 1 0.49516767263412476 -20.090339406914698 -26.521691818510536 1.8619965442812862 -179.46300486349767 1 1 1 1
minute 5.3493342294230093 -0.026763444550823579 -5.8679349357071802 -10.190429869320369 -14.074636212153141 -16.675666926428761 -17.821375060352384 -18.76455027769828 -19.471149620588371 0.32823725381627639 -1.5288253630839801 1.6762744188308716 0.90052573989271556 4.0267519791334987
minute 5.5642985084615626 -0.020403110668359165 -6.2295325816938503 -11.383385142033299 -14.220595717132483 -15.952682930881801 -16.979839041217332 -17.911674224642042 -18.613944911973853 0.35229821999306166 -1.6155670809262099 1.6560434103012085 1.1962753722391859 4.2193749048954103
minute 5.2252180736088549 -0.024712340045745407 -5.9482558432208208 -11.182530264147235 -14.704995576374694 -16.61663956292654 -17.678485925201656 -18.61185828614051 -19.312445014551486 0.397779376494998 -1.5031084469574105 1.4634214639663696 0.6826349373744206 3.9047470184492932
take 10 1 0.38354590535163879 -20.45839997925146 -24.708596782678253 0.6341789276252392 -183.52243006200851 1 1 1 1
minute 5.1870739267171802 -0.13687375689429851 -3.5079997847591002 -9.4269987488396083 -13.588854157451005 -16.978963932750382 -18.419917760029737 -19.371515597525093 -20 0.28313521304680511 -1.459581374442543 1.5315194129943848 0.96729425564582894 4.1472089425299741
minute 5.0984294823607783 -0.047341838883267442 -5.0007754264056246 -10.995074173809927 -14.572818734252618 -16.392972026378342 -17.50656770646874 -18.441373935056227 -19.143586836884523 0.35596023829850165 -1.4264964928733095 1.4940829277038574 0.8399941858531923 4.1468511982819116
minute 5.4201372058974409 -0.012872937702667286 -6.8894003827374677 -12.097765436831589 -15.263503993661931 -16.765233218576828 -17.787635589303832 -18.734427669140445 -19.444725924016158 0.42520551085537667 -1.5127716763514076 1.5309141874313354 0.70099397405130048 3.8721484814729217
mean 5.3837351474435611 -0.048229665486262813 -5.3639757326706397 -10.642580472033174 -14.208025419015543 -16.29752533915001 -17.46239214513254 -18.403081977917907 -19.041450391308491 0.30656238471905295 -1.5311849533544859 1.5726963380972543 0.96305019390751867 4.0336920335541979
selfDistance 1.6697663836197436
levelTwinD 1.079540369118414e-05
storedMacros 0 0
cells 79
cell 1 1 1 0.67289513331516626 3.3395327672394872 -1
skip 
cell 1 1 1 2.9193525838104994 3.3395327672394872 -1
skip 
cell 1 1 1 0.44158714952080186 3.3395327672394872 -1
skip 
cell 1 1 1 0.051661485850553829 3.3395327672394872 -1
skip 
cell 1 1 1 0.89052741020089865 3.3395327672394872 -1
skip 
cell 1 1 1 4.3549067034655247 3.3395327672394872 -1
skip 
cell 1 1 1 3.0804288639243138 3.3395327672394872 -1
skip 
cell 1 1 1 3.3827356562945643 3.3395327672394872 -1
skip 
cell 1 1 1 3.7457330452789064 3.3395327672394872 -1
skip 
cell 1 1 1 10.434732811595708 3.3395327672394872 -1
skip 
cell 0 1 0 0 3.3395327672394872 -1
skip M displacement
cell 0 1 0 0 3.3395327672394872 -1
skip M displacement
cell 0 1 0 0 3.3395327672394872 -1
skip M displacement
cell 0 1 0 0 3.3395327672394872 -1
skip M displacement
cell 0 1 0 0 3.3395327672394872 -1
skip M displacement
cell 0 1 0 0 3.3395327672394872 -1
skip M displacement
cell 0 1 0 0 3.3395327672394872 -1
skip M displacement
cell 0 1 0 0 3.3395327672394872 -1
skip M displacement
cell 0 1 0 0 3.3395327672394872 -1
skip M displacement
cell 0 1 0 0 3.3395327672394872 -1
skip M displacement
cell 0 1 0 0 3.3395327672394872 -1
skip M displacement
cell 0 1 0 0 3.3395327672394872 -1
skip M displacement
cell 1 1 1 1.2134740867301805 5.0886226065704108 2.1794668836514384
skip 
cell 1 1 1 2.5555919649394241 11.612461551050496 2.1794668836514384
skip 
cell 1 1 1 3.081634938273599 5.4653280563763698 2.1794668836514384
skip 
cell 1 1 1 2.1983870950116673 6.9131993819903865 2.1794668836514384
skip 
cell 1 1 1 4.9094357412705696 3.7362007737293128 2.1794668836514384
skip 
cell 0 1 0 0 3.3395327672394872 -1
skip side predicate
cell 0 1 0 0 3.3395327672394872 -1
skip side predicate
cell 0 1 0 0 0 -1
skip state-only kind
cell 0 1 0 0 0 -1
skip state-only kind
cell 0 1 0 0 0 -1
skip state-only kind
cell 0 1 0 0 0 -1
skip state-only kind
cell 0 1 0 0 0 -1
skip state-only kind
cell 1 1 0 0 0 -1
skip state-only kind
cell 1 1 0 0 0 -1
skip state-only kind
cell 0 1 0 0 0 -1
skip state-only kind
cell 0 1 0 0 0 -1
skip state-only kind
cell 0 1 0 0 0 -1
skip state-only kind
cell 0 1 0 0 0 -1
skip state-only kind
cell 1 1 0 0 0 -1
skip state-only kind
cell 1 0 1 0.67289513331516626 0 -1
skip 
cell 1 0 1 0.67289513331516626 0 -1
skip 
cell 1 0 1 0.67289513331516626 0 -1
skip 
cell 1 0 1 0.67289513331516626 0 -1
skip 
cell 0 0 0 0 0 -1
skip state-only kind
cell 0 0 0 0 0 -1
skip state-only kind
cell 0 0 0 0 0 -1
skip state-only kind
cell 0 0 0 0 0 -1
skip state-only kind
cell 0 0 0 0 0 -1
skip state-only kind
cell 1 0 0 0 0 -1
skip state-only kind
cell 0 0 0 0 0 -1
skip state-only kind
cell 0 0 0 0 0 -1
skip state-only kind
cell 0 0 0 0 0 -1
skip state-only kind
cell 0 0 0 0 0 -1
skip state-only kind
cell 0 0 0 0 0 -1
skip state-only kind
cell 0 0 0 0 0 -1
skip state-only kind
cell 0 1 0 0 0 -1
skip state-only kind
cell 0 1 0 0 0 -1
skip state-only kind
cell 1 1 0 0 0 -1
skip state-only kind
cell 1 0 0 0 0 -1
skip state-only kind
cell 0 0 0 0 0 -1
skip state-only kind
cell 0 0 0 0 0 -1
skip state-only kind
cell 1 0 0 0 0 -1
skip state-only kind
cell 0 0 0 0 0 -1
skip state-only kind
cell 0 0 0 0 0 -1
skip state-only kind
cell 1 1 0 0 0 -1
skip state-only kind
cell 0 1 0 0 0 -1
skip state-only kind
cell 0 1 0 0 0 -1
skip state-only kind
cell 1 1 0 0 0 -1
skip state-only kind
cell 0 0 0 0 0 -1
skip state-only kind
cell 1 1 0 0 0 -1
skip state-only kind
cell 0 1 0 0 0 -1
skip state-only kind
cell 0 1 0 0 0 -1
skip state-only kind
cell 1 1 0 0 0 -1
skip state-only kind
cell 0 1 0 0 3.3395327672394872 -1
skip state false
cell 0 1 0 0 3.3395327672394872 -1
skip state false
cell 1 1 1 2.5610139579627713 3.3395327672394872 -1
skip 
cell 0 1 0 0 3.3395327672394872 -1
skip state false
gesture 0 0 0 0 0
rates 1 0.43316006660461426 -21.236246071550923 1 0.37757489085197449 -21.721603514405086
reproducible 1
end
