vorago-sweep-record 2
name Stone Gravity
takeCount 4
timeline 155 45 29.999992370605469 160 220 160 220 220 280 280 340 340 419.99999237060547 429.99999237060547 429.99999237060547 0
takes 4
take 1 1 0.96605092287063599 -7.1965892135247298 -22.869480641548083 1.1187834055322323 -219.91166150455837 1 1 1 1
minute -4.2840052293685176 -0.038952609115711447 -5.6975984919185816 -7.3590435954841364 -10.531229431690438 -13.024791909171427 -18.518905868867272 -20 -20 0.20963556937390657 -1.3873749828133131 -1.1696605682373047 2.1359667249008205 3.8937185148804372
minute -1.2917409366909933 -0.092886643033182281 -4.6689468462847765 -5.7824155535203978 -8.1528911887726139 -11.373601254660466 -16.426277441013205 -20 -20 0.048667860931900404 -1.3146131666430196 -1.7255356311798096 0.85710644391174484 4.2386102122545815
minute 2.2267715219395967 -0.12685882010408869 -4.0217162031210822 -5.8045612243621862 -8.2297121486051417 -12.410851382792199 -16.142774538146348 -18.425483769008437 -19.252861314158928 0.66792572085371416 -1.249101229461627 -2.839341402053833 1.2141219397374232 3.8673208913578669
take 2 1 0.96605092287063599 -6.1951933671556647 -26.674770181084217 2.2600418850528126 -226.43002895422791 1 1 1 1
minute 3.6778867006410287 -0.31470367229028301 -2.459423168117735 -6.5232012345851658 -9.5529230239712781 -13.557340593978346 -17.034340379770313 -18.799901198850485 -19.564044903038944 0.34838981427138627 -1.371189690742002 -3.3094370365142822 2.7714732086703822 5.0255960464244858
minute 0.76902140889810389 -1.136287393826104 -0.96351811034735013 -5.2738956268997654 -8.2277562072282926 -11.907234933217334 -15.605504930274776 -18.6062926477885 -19.83715659057809 0.22217018654093809 -1.3257607785830012 -2.9156031608581543 2.3799273146959932 5.3732518258722521
minute 0.16600169891738581 -1.5832767965609857 -0.68287123448864939 -4.8087834273994723 -7.8153740087372983 -11.180830895182908 -14.970456446391363 -19.024979556498188 -20 0.27767781754653681 -1.1976700201539745 -2.5862276554107666 1.2340786983907497 4.4137979769303257
take 3 1 0.96605092287063599 -10.424104928249688 -25.156133314869376 3.9020506927998433 -222.17801593039528 1 1 1 1
minute 0.73268748847315379 -0.1069495100901392 -3.9838482272965337 -7.3029801394229512 -10.0980934769192 -14.977000590902906 -19.940419959702336 -20 -20 0.48591431220508519 -1.1368959711357354 -2.4462907314300537 1.4899445320592615 4.4906167897320834
minute 4.1068767261821293 -0.83319776639579735 -1.8914689086025192 -2.8755185803973866 -5.1933879792466779 -9.0149883974840286 -15.720561430762666 -19.266082957361327 -20 0.19291669591289148 -1.3737950385863855 -3.4452662467956543 2.7028508560963718 4.5193062937999615
minute 0.39168488915875221 -2.2822912366165 -0.51335516185502073 -3.7002852929003773 -6.2956184506478809 -9.5941413958712136 -16.353258507565616 -19.837912741994053 -20 0.21131685934875641 -1.2068954191593566 -2.3930182456970215 1.7097791252627281 5.0449307621613366
take 4 1 0.96605092287063599 -6.9543992416860565 -16.89596777040795 2.1381327092535436 -223.97896946091865 1 1 1 1
minute 1.1456977056219877 -0.90135644715246355 -1.23773468432762 -4.8938870633145353 -7.9562056614208867 -14.255018373564727 -18.884201097953895 -20 -20 0.80081219574508011 -1.1103315317980893 -1.6584911346435547 1.1221360000159672 3.8145754461616299
minute 1.0490679476045159 -1.0590343580730377 -1.0868076256139922 -4.5499713701605682 -8.219389935243024 -12.083958096472731 -16.532319110432116 -20 -20 0.55871403624524874 -1.2194635407942958 -2.3727807998657227 1.3249322437178004 3.1745302115610223
minute 2.1239573325220311 -0.85504613346239577 -1.3186091302077174 -4.7095033469430279 -7.6930298556968859 -11.920784089416831 -16.130266029877497 -19.553787138004427 -20 0.44052768789859187 -1.2808102072062642 -2.8222453594207764 2.151277340972285 3.4004001823068419
mean 0.90115893782493117 -0.7775701155600574 -2.3771581493484653 -5.2986705379491648 -8.1638009473483013 -12.10837849272626 -16.85494047839645 -19.459536667458785 -19.887838567314663 0.37205572973950296 -1.2644917980897552 -2.4736581643422442 1.7577995357026275 4.2713879294535682
selfDistance 5.1749448207213398
levelTwinD 4.6553484565000609e-06
storedMacros 0 0
cells 79
cell 1 1 1 0.66381118503549086 10.34988964144268 -1
skip 
cell 1 1 1 3.268803564682389 10.34988964144268 -1
skip 
cell 1 1 1 0.11812981863528779 10.34988964144268 -1
skip 
cell 1 1 1 0.14986304713967744 10.34988964144268 -1
skip 
cell 1 1 1 0.04520539534379224 10.34988964144268 -1
skip 
cell 1 1 1 0.66014874202229801 10.34988964144268 -1
skip 
cell 1 1 1 6.0724653636147679 10.34988964144268 -1
skip 
cell 1 1 1 9.0067185717576539 10.34988964144268 -1
skip 
cell 1 1 1 0.24247984969743433 10.34988964144268 -1
skip 
cell 1 1 1 0.47595326743416616 10.34988964144268 -1
skip 
cell 0 1 0 0 10.34988964144268 -1
skip M displacement
cell 0 1 0 0 10.34988964144268 -1
skip M displacement
cell 0 1 0 0 10.34988964144268 -1
skip M displacement
cell 0 1 0 0 10.34988964144268 -1
skip M displacement
cell 1 1 1 3.1864143052065548 10.34988964144268 -1
skip 
cell 0 1 0 0 10.34988964144268 -1
skip M displacement
cell 0 1 0 0 10.34988964144268 -1
skip M displacement
cell 0 1 0 0 10.34988964144268 -1
skip M displacement
cell 0 1 0 0 10.34988964144268 -1
skip M displacement
cell 0 1 0 0 10.34988964144268 -1
skip M displacement
cell 0 1 0 0 10.34988964144268 -1
skip M displacement
cell 0 1 0 0 10.34988964144268 -1
skip M displacement
cell 1 1 1 1.4476505518670111 5.690893434288598 7.5053247364862372
skip 
cell 1 1 1 7.7277578849026858 6.6004196056943867 7.5053247364862372
skip 
cell 1 1 1 7.5499026659771591 5.5685763443204443 7.5053247364862372
skip 
cell 1 1 1 7.4163720326646798 5.6302221821178842 7.5053247364862372
skip 
cell 1 1 1 7.4083331916246138 5.7142988143352298 7.5053247364862372
skip 
cell 0 1 0 0 10.34988964144268 -1
skip side predicate
cell 0 1 0 0 10.34988964144268 -1
skip side predicate
cell 0 0 0 0 0 -1
skip state-only kind
cell 0 0 0 0 0 -1
skip state-only kind
cell 0 0 0 0 0 -1
skip state-only kind
cell 0 0 0 0 0 -1
skip state-only kind
cell 0 0 0 0 0 -1
skip state-only kind
cell 1 0 0 0 0 -1
skip state-only kind
cell 1 0 0 0 0 -1
skip state-only kind
cell 0 0 0 0 0 -1
skip state-only kind
cell 0 0 0 0 0 -1
skip state-only kind
cell 0 0 0 0 0 -1
skip state-only kind
cell 0 0 0 0 0 -1
skip state-only kind
cell 1 0 0 0 0 -1
skip state-only kind
cell 1 0 1 0.66381118503549086 0 -1
skip 
cell 1 0 1 0.66381118503549086 0 -1
skip 
cell 1 0 1 0.66381118503549086 0 -1
skip 
cell 1 0 1 0.66381118503549086 0 -1
skip 
cell 0 0 0 0 0 -1
skip state-only kind
cell 0 0 0 0 0 -1
skip state-only kind
cell 0 0 0 0 0 -1
skip state-only kind
cell 0 0 0 0 0 -1
skip state-only kind
cell 0 0 0 0 0 -1
skip state-only kind
cell 1 0 0 0 0 -1
skip state-only kind
cell 0 0 0 0 0 -1
skip state-only kind
cell 0 0 0 0 0 -1
skip state-only kind
cell 0 0 0 0 0 -1
skip state-only kind
cell 0 0 0 0 0 -1
skip state-only kind
cell 0 0 0 0 0 -1
skip state-only kind
cell 0 0 0 0 0 -1
skip state-only kind
cell 0 1 0 0 0 -1
skip state-only kind
cell 0 1 0 0 0 -1
skip state-only kind
cell 1 1 0 0 0 -1
skip state-only kind
cell 1 0 0 0 0 -1
skip state-only kind
cell 0 0 0 0 0 -1
skip state-only kind
cell 0 0 0 0 0 -1
skip state-only kind
cell 1 0 0 0 0 -1
skip state-only kind
cell 0 0 0 0 0 -1
skip state-only kind
cell 0 0 0 0 0 -1
skip state-only kind
cell 1 1 0 0 0 -1
skip state-only kind
cell 0 1 0 0 0 -1
skip state-only kind
cell 0 1 0 0 0 -1
skip state-only kind
cell 1 1 0 0 0 -1
skip state-only kind
cell 0 0 0 0 0 -1
skip state-only kind
cell 1 1 0 0 0 -1
skip state-only kind
cell 0 0 0 0 0 -1
skip state-only kind
cell 0 0 0 0 0 -1
skip state-only kind
cell 1 1 0 0 0 -1
skip state-only kind
cell 0 1 0 0 10.34988964144268 -1
skip state false
cell 0 1 0 0 10.34988964144268 -1
skip state false
cell 0 1 0 0 10.34988964144268 -1
skip state false
cell 0 1 0 0 10.34988964144268 -1
skip state false
gesture 0 0 0 0 0
rates 1 0.96605092287063599 -7.2823894558842532 1 0.96605092287063599 -6.7760556772565206
reproducible 1
end
