vorago-sweep-record 2
name Growth Ring
takeCount 4
timeline 59.999984741210938 45 20 64.999984741210938 124.99998474121094 64.999984741210938 124.99998474121094 124.99998474121094 184.99998474121094 184.99998474121094 244.99998474121094 244.99998474121094 314.99998474121094 324.99998474121094 324.99998474121094 0
takes 4
take 9 1 0.16696520149707794 -25.167823105426905 -26.849940420869856 -0.53398107261843109 -240 1 1 1 1
minute 7.6490465921374753 -0.029208022506227373 -5.8436255542170485 -9.188616022903382 -11.70688463947714 -12.905991517326003 -13.910079167920312 -14.849163763750862 -15.55593477964719 0.23785607979474299 -2.3269381419421418 -3.5202012062072754 0.36890822795155326 3.1103607080376712
minute 7.67271421332768 -0.026341485796500308 -5.901720509529615 -9.971860627189935 -14.642680501410087 -17.364242083772002 -18.945280521061665 -20 -20 0.18903018675764463 -2.3036873612533117 -3.5271782875061035 0.35195014751805465 2.9948577747957068
minute 7.4405282965501751 -0.12666633870716737 -3.6263002322503106 -9.0928387637471673 -12.574622636356736 -14.907825770088227 -16.108445670507756 -17.111548573099043 -17.849582586157887 0.14875287762388395 -2.2620948673259917 -3.5028884410858154 0.51343390330871397 3.1250789140823914
take 10 1 0.18184685707092285 -24.969295927179715 -26.691761836570208 -0.069202822494357719 -240 1 1 1 1
minute 7.4927601196515727 -0.030757383621929552 -5.7314419058321038 -9.2399945098245553 -12.807231504041477 -14.140724768610742 -15.173384819018617 -16.134470785471272 -16.852631279715276 0.25806254829218306 -2.279999757170831 -3.5189528465270996 0.35348760140489455 3.1672344461116397
minute 7.4647228798450289 -0.032001877910218468 -5.738413256452354 -8.942120858069881 -11.245781944037937 -12.365360838536988 -13.361349186315518 -14.297656623419728 -15.005063518825747 0.2497732310212793 -2.2506160069842145 -3.514686107635498 0.31086546133654441 3.088259830132364
minute 7.3354664245850429 -0.024016443190054321 -6.0559751083433726 -9.7914238967596603 -14.644073776419591 -17.341639689382745 -18.754760017145188 -20 -20 0.24364092282772429 -2.2654237748968185 -3.5099282264709473 0.49180762213883178 3.2608831365832871
take 11 1 0.16548626124858856 -25.365270840363543 -28.089858287180903 -1.6229397087461024 -240 1 1 1 1
minute 7.5804298001751071 -0.025777115917906691 -6.0208087809550523 -9.302007368530802 -12.182088722801037 -13.38566972841306 -14.39620539880096 -15.339253587433619 -16.046818581767255 0.33915507911119591 -2.2770181318640574 -3.5051991939544678 0.37037805240661481 3.0032266105009957
minute 7.7250832686525763 -0.027366349169701227 -5.9135578697058451 -9.2467650393359158 -12.919281818224551 -14.45533568830102 -15.512510022873574 -16.474809087196107 -17.190799740711743 0.22912384816094156 -2.3054449181245844 -3.5189628601074219 0.64268421680497967 3.1452164598737049
minute 7.6308193459016254 -0.035006703036098465 -5.7315887059544739 -8.2561645391362308 -10.363615982528396 -11.467934999436943 -12.460832959741055 -13.389773047624303 -14.092117056407668 0.12299321575939816 -2.3046556572087402 -3.5126960277557373 0.73513564588816449 3.2386967330501477
take 12 1 0.17176626622676849 -25.24076480567885 -27.600631076401708 0.11417167391281779 -240 1 1 1 1
minute 7.5905532167105889 -0.027539383741275476 -5.9101346089899494 -9.323247215732426 -12.237745202839054 -13.499327654757701 -14.511520580372784 -15.457584985897018 -16.168090484862695 0.23525179898229898 -2.2896903675767581 -3.5205426216125488 0.42049915288499884 3.1484388162378751
minute 7.5668138099514204 -0.023845676387376592 -6.0688227168727735 -9.8051857926654922 -14.146401295651476 -16.249313144429699 -17.506296561875775 -18.649820220210078 -19.467988034444563 0.20390853862547048 -2.2818082586758783 -3.5084829330444336 0.5370399753945303 3.2619816973739697
minute 7.385682191026719 -0.02739624356101918 -5.933291491095952 -9.2999450344000056 -11.819054121738375 -12.990471321812706 -13.991687881142884 -14.927502695489901 -15.632762381987945 0.26569546426468915 -2.2543616284769574 -3.5074613094329834 0.46326713281914256 3.3412653555509353
mean 7.5445516798762506 -0.036326918628789583 -5.7063067283499045 -9.2883474723579553 -12.607455178793822 -14.256153100405655 -15.386029398898007 -16.385965280799326 -16.98848237037733 0.22693698260178766 -2.2834782392916901 -3.5139316717783609 0.46328809498808521 3.1571250401942241
selfDistance 3.7182990901042925
levelTwinD 2.7229452291930379e-05
storedMacros 0 0
cells 79
cell 1 1 1 0.024681380724981744 7.436598180208585 -1
skip 
cell 1 1 1 0.72741174621990456 7.436598180208585 -1
skip 
cell 1 1 1 2.0210666434434366 7.436598180208585 -1
skip 
cell 1 1 1 0.036326766731357311 7.436598180208585 -1
skip 
cell 1 1 1 0.64855714233817818 7.436598180208585 -1
skip 
cell 1 1 1 0.95023871619347311 7.436598180208585 -1
skip 
cell 1 1 1 2.0061072062084024 7.436598180208585 -1
skip 
cell 1 1 1 7.1680483927389167 7.436598180208585 -1
skip 
cell 1 1 1 0.040017955543336522 7.436598180208585 -1
skip 
cell 1 1 1 11.749960987241723 7.436598180208585 -1
skip 
cell 0 1 0 0 7.436598180208585 -1
skip M displacement
cell 0 1 0 0 7.436598180208585 -1
skip M displacement
cell 0 1 0 0 7.436598180208585 -1
skip M displacement
cell 0 1 0 0 7.436598180208585 -1
skip M displacement
cell 0 1 0 0 7.436598180208585 -1
skip M displacement
cell 0 1 0 0 7.436598180208585 -1
skip M displacement
cell 0 1 0 0 7.436598180208585 -1
skip M displacement
cell 0 1 0 0 7.436598180208585 -1
skip M displacement
cell 0 1 0 0 7.436598180208585 -1
skip M displacement
cell 0 1 0 0 7.436598180208585 -1
skip M displacement
cell 0 1 0 0 7.436598180208585 -1
skip M displacement
cell 0 1 0 0 7.436598180208585 -1
skip M displacement
cell 1 1 1 0.13106484184580097 3.4174641769534078 0.060944488164143391
skip 
cell 1 1 1 2.0848851706852014 5.5437081463094051 0.060944488164143391
skip 
cell 1 1 1 0.061567159739897036 3.0384148773513062 0.060944488164143391
skip 
cell 1 1 1 0.061113250969196516 3.4133809132647941 0.060944488164143391
skip 
cell 1 1 1 0.078168550152945535 3.1253844298216316 0.060944488164143391
skip 
cell 0 1 0 0 7.436598180208585 -1
skip side predicate
cell 0 1 0 0 7.436598180208585 -1
skip side predicate
cell 0 1 0 0 0 -1
skip state-only kind
cell 0 1 0 0 0 -1
skip state-only kind
cell 0 1 0 0 0 -1
skip state-only kind
cell 0 1 0 0 0 -1
skip state-only kind
cell 0 1 0 0 0 -1
skip state-only kind
cell 1 1 0 0 0 -1
skip state-only kind
cell 1 1 0 0 0 -1
skip state-only kind
cell 0 1 0 0 0 -1
skip state-only kind
cell 0 1 0 0 0 -1
skip state-only kind
cell 0 1 0 0 0 -1
skip state-only kind
cell 0 1 0 0 0 -1
skip state-only kind
cell 1 1 0 0 0 -1
skip state-only kind
cell 1 0 1 0.024681380724981744 0 -1
skip 
cell 1 0 1 0.024681380724981744 0 -1
skip 
cell 1 0 1 0.024681380724981744 0 -1
skip 
cell 1 0 1 0.024681380724981744 0 -1
skip 
cell 0 0 0 0 0 -1
skip state-only kind
cell 0 0 0 0 0 -1
skip state-only kind
cell 0 0 0 0 0 -1
skip state-only kind
cell 0 0 0 0 0 -1
skip state-only kind
cell 0 0 0 0 0 -1
skip state-only kind
cell 1 0 0 0 0 -1
skip state-only kind
cell 0 0 0 0 0 -1
skip state-only kind
cell 0 0 0 0 0 -1
skip state-only kind
cell 0 0 0 0 0 -1
skip state-only kind
cell 0 0 0 0 0 -1
skip state-only kind
cell 0 0 0 0 0 -1
skip state-only kind
cell 0 0 0 0 0 -1
skip state-only kind
cell 0 0 0 0 0 -1
skip state-only kind
cell 0 0 0 0 0 -1
skip state-only kind
cell 1 0 0 0 0 -1
skip state-only kind
cell 1 0 0 0 0 -1
skip state-only kind
cell 0 0 0 0 0 -1
skip state-only kind
cell 0 0 0 0 0 -1
skip state-only kind
cell 1 0 0 0 0 -1
skip state-only kind
cell 0 0 0 0 0 -1
skip state-only kind
cell 0 0 0 0 0 -1
skip state-only kind
cell 0 1 0 0 0 -1
skip state-only kind
cell 1 1 1 8.8756283827752664 7.436598180208585 2.8034305013336724
skip 
cell 0 1 0 0 0 -1
skip state-only kind
cell 0 1 0 0 0 -1
skip state-only kind
cell 0 0 0 0 0 -1
skip state-only kind
cell 1 1 0 0 0 -1
skip state-only kind
cell 0 0 0 0 0 -1
skip state-only kind
cell 0 0 0 0 0 -1
skip state-only kind
cell 1 1 0 0 0 -1
skip state-only kind
cell 0 1 0 0 7.436598180208585 -1
skip state false
cell 0 1 0 0 7.436598180208585 -1
skip state false
cell 0 1 0 0 7.436598180208585 -1
skip state false
cell 0 1 0 0 7.436598180208585 -1
skip state false
gesture 0 0 0 0 0
rates 1 0.17624914646148682 -24.881663038308886 1 0.15969602763652802 -26.095653722897293
reproducible 1
end
