vorago-sweep-record 2
name Weighted Deep
takeCount 4
timeline 155 45 14.999993324279785 160 220 160 220 220 280 280 340 340 404.99999332427979 414.99999332427979 414.99999332427979 0
takes 4
take 7 1 0.84852951765060425 -11.405618406554943 -14.344860320047969 -0.053833321018807112 -193.5136195403357 1 1 1 1
minute 5.8626131155639758 -0.0093855103291507654 -7.904051222382023 -8.9792882382348527 -13.394920702210019 -14.46822259444003 -15.451789415650163 -16.374794927882835 -17.073935423088532 0.21137388619817932 -2.2479920228287478 3.4016463756561279 0.5803925961860269 2.8098952908118431
minute 5.669110028668265 -0.0055340794695174127 -8.3083644922990523 -11.141917127611134 -13.772176960683549 -14.8081380345436 -15.794291271019112 -16.717933172398943 -17.41700912562488 0.34094549791538686 -2.1802026125443135 3.372239351272583 0.71945096128319996 2.8105587502979965
minute 6.0881448134853926 -0.0049763558652955453 -8.7282370979502222 -10.092238074491206 -14.462736684992766 -15.607883939135665 -16.596037461702441 -17.520345573538481 -18.219228587045468 0.18191115985171044 -2.3559452600936113 3.4286324977874756 1.0117710689850943 2.7988590717197699
take 8 1 0.95006686449050903 -11.42700460983842 -13.751811422185863 -0.00044362435951939005 -203.57343292523581 1 1 1 1
minute 5.8514570417857472 -0.0077427828510394647 -7.9954132832992215 -10.357452288028782 -11.812103759304861 -12.838519164792695 -13.81944907346902 -14.741987527515812 -15.441011236692086 0.31438098440101286 -2.2623514127097435 3.3980746269226074 0.46977508645841992 2.8667397273959638
minute 5.8615589756325202 -0.005489215992241725 -8.3054252702543501 -10.965245767730247 -15.182816645384046 -16.644140844585483 -17.64667021253921 -18.574654921589246 -19.272605881552213 0.2316786863275184 -2.2663155209010544 3.4291574954986572 0.80989208304360372 2.7852950350625374
minute 6.0095393300820286 -0.0069661911513468526 -8.2943885948293445 -9.6358327177808505 -12.88626563459 -13.914988562270567 -14.898931539313789 -15.821983339474155 -16.521184866667397 0.35128954332322743 -2.3234179619669098 3.4349119663238525 0.70454771680207284 2.6919909407431017
take 9 1 0.78483301401138306 -11.368714136993018 -14.477432983702291 -0.15667965333764577 -193.34033266655464 1 1 1 1
minute 6.1537559643251747 -0.0052043594509688278 -8.4543596274301951 -11.383677716175841 -12.735383996889038 -13.763341831154612 -14.744275963458797 -15.666787630092417 -16.366026018532324 0.31952928905479799 -2.3404194430925762 3.4266924858093262 0.83022807156498968 2.8466874830190321
minute 5.7073254722239994 -0.0052879038006281576 -8.3562351526959198 -10.989154271652456 -16.04331854590831 -17.225430792892489 -18.224714227197044 -19.153513620457701 -19.851017683700277 0.32228282958232346 -2.1940117538113366 3.4054591655731201 0.23652889671945501 2.6886593390550679
minute 5.9365109549851915 -0.0064432935093397719 -8.2046347691899815 -10.761149578635063 -12.322466922945633 -13.3434523481656 -14.32849034312968 -15.251351019980838 -15.950547959136053 0.20904347400410286 -2.3067802779789983 3.4630818367004395 0.76079445353590458 2.9270660580609924
take 10 1 0.86732774972915649 -11.534237313370937 -13.795374065330863 -0.17391291964502997 -185.17346579534114 1 1 1 1
minute 5.7275650001292364 -0.006284417489837324 -7.9782750964675415 -12.536805055611779 -14.060020719160367 -15.117341427415463 -16.102121256019927 -17.025604744073963 -17.724597374213047 0.34655276305222232 -2.2085805757499002 3.4063827991485596 0.43585112689598721 2.6745755278302132
minute 5.5944807699074204 -0.0052998857294070945 -8.2277188215894164 -12.808448869986453 -14.178439048935886 -15.204900907964998 -16.188741092163831 -17.112192215985516 -17.81109501228881 0.46138165770277434 -2.1523353529288443 3.30184006690979 0.45011083881785907 2.8318906916018625
minute 5.9553744798159203 -0.010666820718033893 -7.2724372937639261 -11.066323248025849 -12.66970768097951 -13.98438996834807 -14.967668299999055 -15.890972288223576 -16.590166665439138 0.095104255858456527 -2.2952501441716322 3.4245841503143311 0.51485885821201605 2.7849702520285473
mean 5.8681196622170724 -0.0066067346964005695 -8.1691283935125991 -10.893127746163708 -13.626696441831999 -14.743395867975773 -15.730265012971838 -16.654343415101124 -17.353202152831685 0.28212283560597606 -2.261133528231472 3.4077252348264055 0.62701681320871905 2.7930990139689111
selfDistance 4.3233915143342054
levelTwinD 1.6332654848218886e-06
storedMacros 0 1
cells 79
cell 1 1 1 0.039136946648646753 8.6467830286684109 -1
skip 
cell 1 1 1 2.9836179991690601 8.6467830286684109 -1
skip 
cell 1 1 1 1.9771345426079563 8.6467830286684109 -1
skip 
cell 1 1 1 0.015527010166314919 8.6467830286684109 -1
skip 
cell 1 1 1 4.7346690216432421 8.6467830286684109 -1
skip 
cell 1 1 1 0.040803509736519791 8.6467830286684109 -1
skip 
cell 1 1 1 2.7865286338154696 8.6467830286684109 -1
skip 
cell 1 1 1 0.61225389372711903 8.6467830286684109 -1
skip 
cell 1 1 1 2.6577663281668915 8.6467830286684109 -1
skip 
cell 1 1 1 11.98746437546113 8.6467830286684109 -1
skip 
cell 0 1 0 0 8.6467830286684109 -1
skip M displacement
cell 0 1 0 0 8.6467830286684109 -1
skip M displacement
cell 0 1 0 0 8.6467830286684109 -1
skip M displacement
cell 0 1 0 0 8.6467830286684109 -1
skip M displacement
cell 0 1 0 0 8.6467830286684109 -1
skip M displacement
cell 0 1 0 0 8.6467830286684109 -1
skip M displacement
cell 0 1 0 0 8.6467830286684109 -1
skip M displacement
cell 1 1 1 4.6677085584631772 8.6467830286684109 -1
skip 
cell 0 1 0 0 8.6467830286684109 -1
skip M displacement
cell 0 1 0 0 8.6467830286684109 -1
skip M displacement
cell 0 1 0 0 8.6467830286684109 -1
skip M displacement
cell 0 1 0 0 8.6467830286684109 -1
skip M displacement
cell 1 1 1 1.0191779732129664 11.537432532190838 0.93080631702299077
skip 
cell 1 1 1 3.706031800957565 7.3639069032076057 0.93080631702299077
skip 
cell 1 1 1 0.94438889686538574 11.666883609605717 0.93080631702299077
skip 
cell 1 1 1 0.9349268085819169 11.617648829922597 0.93080631702299077
skip 
cell 1 1 1 2.5285272986760123 7.6858522346544706 0.93080631702299077
skip 
cell 0 1 0 0 8.6467830286684109 -1
skip side predicate
cell 0 1 0 0 8.6467830286684109 -1
skip side predicate
cell 0 1 0 0 0 -1
skip state-only kind
cell 0 1 0 0 0 -1
skip state-only kind
cell 0 1 0 0 0 -1
skip state-only kind
cell 0 1 0 0 0 -1
skip state-only kind
cell 0 1 0 0 0 -1
skip state-only kind
cell 1 1 0 0 0 -1
skip state-only kind
cell 0 1 0 0 0 -1
skip state-only kind
cell 0 1 0 0 0 -1
skip state-only kind
cell 0 1 0 0 0 -1
skip state-only kind
cell 0 1 0 0 0 -1
skip state-only kind
cell 0 1 0 0 0 -1
skip state-only kind
cell 0 1 0 0 0 -1
skip state-only kind
cell 1 0 1 0.039136946648646753 0 -1
skip 
cell 1 0 1 0.039136946648646753 0 -1
skip 
cell 1 0 1 0.039136946648646753 0 -1
skip 
cell 1 0 1 0.039136946648646753 0 -1
skip 
cell 0 0 0 0 0 -1
skip state-only kind
cell 0 0 0 0 0 -1
skip state-only kind
cell 0 0 0 0 0 -1
skip state-only kind
cell 0 0 0 0 0 -1
skip state-only kind
cell 0 0 0 0 0 -1
skip state-only kind
cell 1 0 0 0 0 -1
skip state-only kind
cell 0 0 0 0 0 -1
skip state-only kind
cell 0 0 0 0 0 -1
skip state-only kind
cell 0 0 0 0 0 -1
skip state-only kind
cell 0 0 0 0 0 -1
skip state-only kind
cell 0 0 0 0 0 -1
skip state-only kind
cell 0 0 0 0 0 -1
skip state-only kind
cell 0 1 0 0 0 -1
skip state-only kind
cell 0 1 0 0 0 -1
skip state-only kind
cell 1 1 0 0 0 -1
skip state-only kind
cell 1 0 0 0 0 -1
skip state-only kind
cell 0 0 0 0 0 -1
skip state-only kind
cell 0 0 0 0 0 -1
skip state-only kind
cell 0 1 0 0 0 -1
skip state-only kind
cell 1 1 0 0 0 -1
skip state-only kind
cell 0 1 0 0 0 -1
skip state-only kind
cell 1 1 0 0 0 -1
skip state-only kind
cell 0 1 0 0 0 -1
skip state-only kind
cell 0 1 0 0 0 -1
skip state-only kind
cell 1 1 0 0 0 -1
skip state-only kind
cell 0 0 0 0 0 -1
skip state-only kind
cell 1 1 0 0 0 -1
skip state-only kind
cell 0 1 0 0 0 -1
skip state-only kind
cell 0 1 0 0 0 -1
skip state-only kind
cell 1 1 0 0 0 -1
skip state-only kind
cell 0 1 0 0 8.6467830286684109 -1
skip state false
cell 0 1 0 0 8.6467830286684109 -1
skip state false
cell 0 1 0 0 8.6467830286684109 -1
skip state false
cell 0 1 0 0 8.6467830286684109 -1
skip state false
gesture 0 0 0 0 0
rates 1 0.85922855138778687 -11.057377914146628 1 0.92393589019775391 -11.788775958194023
reproducible 1
end
