vorago-sweep-record 2
name Smeared Horizon
takeCount 4
timeline 155 45 16.5 160 220 160 220 220 280 280 340 340 406.5 416.5 416.5 0
takes 4
take 4 1 0.96605092287063599 -7.9237536162072981 -19.051224131354498 3.7005167973378583 -145.05624819621562 1 1 1 1
minute 1.0238935340965842 -0.34511373556608282 -2.3033219809103942 -7.008114032990683 -11.148201962229983 -14.435502432869175 -17.765656968571665 -20 -20 0.23682279371352088 -0.83394850680237687 0.32762381434440613 0.43977482363331954 4.1567930075119657
minute 1.559088832665589 -0.19556158382123812 -3.1920339261901454 -5.9891022290339553 -12.994459706094059 -16.23335050753019 -20 -20 -20 0.60198455500671999 -0.81622143916404111 0.41400772333145142 1.3897331431585485 4.0198218256358667
minute 1.6012621541726504 -0.28460606054787974 -2.6739210485342597 -5.6244130063539064 -12.204815809455646 -15.749571507874226 -19.176965869409713 -20 -20 0.39050572614731249 -0.83518772955169751 0.34444841742515564 1.1610121179413542 4.451943061138957
take 5 1 0.96605092287063599 -10.010056927962721 -17.237880008313613 2.9506815718383734 -144.89376679665901 1 1 1 1
minute 0.23097197004781003 -0.99650110689696325 -1.0454094988788172 -6.4327313542241775 -13.061542678403541 -16.155769057446722 -20 -20 -20 0.37430850320464604 -0.83297177428436475 0.2890683114528656 0.50037031885116878 4.3073680158401171
minute 0.5267981545866558 -0.37431580447199286 -2.2055231487504736 -6.8064724320835319 -10.348641034739668 -15.050627053013219 -18.020921391498252 -20 -20 0.28707422449248665 -0.81955054832914631 0.28371602296829224 1.3130769191366496 4.3962858676040586
minute 1.4415424388903748 -0.36545992090991791 -2.504259181576574 -4.6789792183871448 -7.3359818288527165 -15.305298827954873 -18.838532584129386 -20 -20 0.39010585493666905 -0.82596034333015866 0.43174245953559875 1.2391244638050938 4.2958264090591332
take 6 1 0.96605092287063599 -11.600741992113386 -19.618616307798671 -2.0142139257435137 -128.637400380065 1 1 1 1
minute 0.77358325148534601 -0.074298528818715681 -4.493755434076375 -7.6758720667621754 -12.606086406042019 -15.75304191124915 -19.111928454049171 -20 -20 0.33157721133322043 -0.83506767123231829 0.34791091084480286 1.3979513771836363 5.1687158508885318
minute 0.86761374707193473 -0.24504440012976048 -2.8294637865670085 -6.1852986131656396 -13.028995019965528 -15.810817199934649 -19.516815579053013 -20 -20 0.23056483822639701 -0.81972235628727452 0.31319883465766907 0.98311124363776736 4.4813436594797516
minute 0.7063133593053893 -0.33487268195238329 -2.4352515638179746 -5.642362463643007 -12.082192243852825 -15.422088705658172 -18.883841930304332 -20 -20 0.16168232917932138 -0.83459557197025958 0.3152502179145813 0.49763183218534129 4.3021552718621177
take 7 1 0.96605086326599121 -11.642295218640875 -18.956750095776314 1.1684646441074733 -141.97885391482492 1 1 1 1
minute 1.3306661368452262 -0.20867347931703031 -2.9557064269306439 -7.9520354105729485 -11.95320848717579 -14.234877583975271 -17.228144571870484 -20 -20 0.320083975856013 -0.83472916305602363 0.29348775744438171 0.96274460993929545 4.2884779283663432
minute 1.4045424990268462 -0.10000000292257263 -3.9774416035983053 -8.7444823323401444 -12.180350002014459 -14.352445322057299 -17.240930350630208 -20 -20 0.31432110793493834 -0.81419655945189795 0.28421115875244141 0.99896719365376474 4.4490573468160832
minute 1.1984995048489271 -0.1038118166767911 -3.9430148540735894 -8.2688678552630872 -12.266864043032545 -14.389345771620871 -17.20828774352578 -20 -20 0.29132037508786168 -0.83221299703965623 0.24449217319488525 0.78553613159525737 4.4028762712641845
mean 1.055397965253611 -0.302354926835944 -2.8799252044920465 -6.7507275845683647 -11.767611601821566 -15.241061323431985 -18.582668786920163 -20 -20 0.32752929125992553 -0.82786372170826783 0.3240964834888776 0.9724195145600999 4.3933887096222577
selfDistance 1.7890236321607871
levelTwinD 3.9205775719879736e-06
storedMacros 0 0
cells 79
cell 1 1 1 0.37142936079408873 3.5780472643215742 -1
skip 
cell 1 1 1 2.8018726810727026 3.5780472643215742 -1
skip 
cell 1 1 1 4.0128479862549442 3.5780472643215742 -1
skip 
cell 1 1 1 0.23694587445208712 3.5780472643215742 -1
skip 
cell 1 1 1 0.36446365837568567 3.5780472643215742 -1
skip 
cell 1 1 0 0 3.5780472643215742 -1
skip override equals stored
cell 1 1 1 5.3380966782452912 3.5780472643215742 -1
skip 
cell 1 1 1 0.6997617093818298 3.5780472643215742 -1
skip 
cell 1 1 1 0.21434365023217808 3.5780472643215742 -1
skip 
cell 1 1 1 0.77569577939903089 3.5780472643215742 -1
skip 
cell 0 1 0 0 3.5780472643215742 -1
skip M displacement
cell 0 1 0 0 3.5780472643215742 -1
skip M displacement
cell 0 1 0 0 3.5780472643215742 -1
skip M displacement
cell 0 1 0 0 3.5780472643215742 -1
skip M displacement
cell 0 1 0 0 3.5780472643215742 -1
skip M displacement
cell 0 1 0 0 3.5780472643215742 -1
skip M displacement
cell 0 1 0 0 3.5780472643215742 -1
skip M displacement
cell 0 1 0 0 3.5780472643215742 -1
skip M displacement
cell 0 1 0 0 3.5780472643215742 -1
skip M displacement
cell 0 1 0 0 3.5780472643215742 -1
skip M displacement
cell 0 1 0 0 3.5780472643215742 -1
skip M displacement
cell 0 1 0 0 3.5780472643215742 -1
skip M displacement
cell 1 1 1 5.1258476638093997 11.272654169125449 5.1258476638093997
skip 
cell 1 1 1 5.3445711268694263 10.612478144794487 5.1258476638093997
skip 
cell 1 1 1 4.9813038486156511 7.7816251372992236 5.1258476638093997
skip 
cell 1 1 1 5.040493597768684 10.788166857575131 5.1258476638093997
skip 
cell 1 1 1 5.0639913167821611 11.477600130557715 5.1258476638093997
skip 
cell 0 1 0 0 3.5780472643215742 -1
skip side predicate
cell 0 1 0 0 3.5780472643215742 -1
skip side predicate
cell 0 0 0 0 0 -1
skip state-only kind
cell 0 0 0 0 0 -1
skip state-only kind
cell 0 0 0 0 0 -1
skip state-only kind
cell 0 0 0 0 0 -1
skip state-only kind
cell 0 0 0 0 0 -1
skip state-only kind
cell 1 0 0 0 0 -1
skip state-only kind
cell 1 0 0 0 0 -1
skip state-only kind
cell 0 0 0 0 0 -1
skip state-only kind
cell 0 0 0 0 0 -1
skip state-only kind
cell 0 0 0 0 0 -1
skip state-only kind
cell 0 0 0 0 0 -1
skip state-only kind
cell 1 0 0 0 0 -1
skip state-only kind
cell 1 0 1 0.37142936079408873 0 -1
skip 
cell 1 0 1 0.37142936079408873 0 -1
skip 
cell 1 0 1 0.37142936079408873 0 -1
skip 
cell 1 0 1 0.37142936079408873 0 -1
skip 
cell 0 0 0 0 0 -1
skip state-only kind
cell 0 0 0 0 0 -1
skip state-only kind
cell 0 0 0 0 0 -1
skip state-only kind
cell 0 0 0 0 0 -1
skip state-only kind
cell 0 0 0 0 0 -1
skip state-only kind
cell 1 0 0 0 0 -1
skip state-only kind
cell 0 0 0 0 0 -1
skip state-only kind
cell 0 0 0 0 0 -1
skip state-only kind
cell 0 0 0 0 0 -1
skip state-only kind
cell 0 0 0 0 0 -1
skip state-only kind
cell 0 0 0 0 0 -1
skip state-only kind
cell 0 0 0 0 0 -1
skip state-only kind
cell 0 1 0 0 0 -1
skip state-only kind
cell 0 1 0 0 0 -1
skip state-only kind
cell 1 1 0 0 0 -1
skip state-only kind
cell 1 0 0 0 0 -1
skip state-only kind
cell 0 0 0 0 0 -1
skip state-only kind
cell 0 0 0 0 0 -1
skip state-only kind
cell 1 0 0 0 0 -1
skip state-only kind
cell 0 0 0 0 0 -1
skip state-only kind
cell 0 0 0 0 0 -1
skip state-only kind
cell 1 1 0 0 0 -1
skip state-only kind
cell 0 1 0 0 0 -1
skip state-only kind
cell 0 1 0 0 0 -1
skip state-only kind
cell 1 1 0 0 0 -1
skip state-only kind
cell 0 0 0 0 0 -1
skip state-only kind
cell 1 1 0 0 0 -1
skip state-only kind
cell 0 0 0 0 0 -1
skip state-only kind
cell 0 0 0 0 0 -1
skip state-only kind
cell 1 1 0 0 0 -1
skip state-only kind
cell 0 1 0 0 3.5780472643215742 -1
skip state false
cell 0 1 0 0 3.5780472643215742 -1
skip state false
cell 0 1 0 0 3.5780472643215742 -1
skip state false
cell 0 1 0 0 3.5780472643215742 -1
skip state false
gesture 0 0 0 0 0
rates 1 0.96605092287063599 -8.1929376911456622 1 0.96605092287063599 -9.7188784921455333
reproducible 1
end
