vorago-sweep-record 2
name Pressure Front
takeCount 4
timeline 155 45 20 160 220 160 220 220 280 280 340 340 410 420 420 0
takes 4
take 6 1 0.16278076171875 -22.855392936171633 -28.79377700409664 0.26644063570645926 -182.37738019482356 1 1 1 1
minute 5.3797395925608038 -0.25475932923693989 -2.6517833828982065 -9.7657533515855199 -14.32971470660938 -17.047848095469565 -18.309430143973064 -19.318251559405923 -20 0.32048520089165305 -1.6817594908955686 2.4182670116424561 0.92579909147109607 2.5750021792825786
minute 5.1970831927204637 -0.17190958636491632 -3.1885371017254229 -9.5150525153490086 -14.372954321887692 -18.047698489410415 -20 -20 -20 0.250427756396705 -1.5965885114589957 2.2258040904998779 0.85706372414137721 2.9210314070468648
minute 4.9712425014527728 -0.26956230125486036 -2.602664425834007 -8.0850688915695024 -11.185095088761503 -14.871505517855875 -16.80808234345907 -18.03212882655734 -18.768528042597271 0.15510090855675915 -1.6176855437776161 2.2997405529022217 1.2413875626709399 2.5994218396408719
take 7 1 0.15516810119152069 -23.297288325115698 -28.211857190787953 0.28006293989950137 -202.5746737582509 1 1 1 1
minute 5.1663588351838641 -0.311631289118741 -2.4362647899738712 -7.0519106347209402 -12.713357025096359 -16.017710727110746 -17.602000436823282 -18.602420662617945 -19.32730569864523 0.23003496213645688 -1.6106358776342455 2.3222062587738037 1.1537419180868125 2.7140761757772296
minute 5.0773447182099609 -0.23083354460543148 -2.7976818503654286 -8.6724875510744255 -13.671711875363707 -15.732635585359152 -16.925014617049861 -17.888258928001594 -18.596731351056455 0.33073079683774809 -1.5936387868564239 2.1999378204345703 0.72322963384541428 2.4821148348898348
minute 5.4566371527543893 -0.28015490574707747 -2.5525144653647609 -7.8878372456707613 -13.274918086377321 -15.15874908036476 -16.329650178030647 -17.29044817427793 -17.994780874526686 0.19429089617500164 -1.7664905854893702 2.3806910514831543 1.2251402695729814 2.4922567802749382
take 8 1 0.16547586023807526 -23.04260303384055 -26.735034894690681 -0.14987152292109229 -210.66533430274748 1 1 1 1
minute 5.2300546582338798 -0.27242794183712721 -2.5710981106634678 -8.981059018764487 -12.460492238603454 -15.909163301811049 -17.118101985549835 -18.076787591647374 -18.796518934177616 0.21799877997417683 -1.6945125632112752 2.2299280166625977 0.72640512742018915 2.5083419378628893
minute 5.2549077620446356 -0.28981879236232544 -2.4974076874349103 -8.4226715152251508 -11.92072725401834 -15.157205782292124 -16.55329692107566 -17.576979164775366 -18.30549141332267 0.19178025408895177 -1.6723855111322647 2.2998933792114258 1.2333958047989979 2.5657394629905892
minute 5.3130823707759305 -0.33011662117179458 -2.3183826241649137 -8.9193121089721821 -13.033815917504501 -14.663269745590487 -15.750818351686585 -16.689316576282664 -17.391522513474403 0.25005808389440032 -1.7350569048307918 2.3426835536956787 1.0093172369276107 2.4065127747484913
take 9 1 0.16463872790336609 -22.666342860791783 -28.492728489729714 -0.25100182722350439 -201.1829714561556 1 1 1 1
minute 5.4291298401052757 -0.31839586109887819 -2.361157706092238 -9.3531962891152283 -13.143252277043375 -16.038373758763196 -17.213293320031788 -18.192110788002577 -18.909528093630623 0.24198668459280934 -1.7878966680030728 2.4256649017333984 1.229159163312286 2.5647023507850868
minute 5.2392655023921506 -0.21841096154422956 -2.8834901434705005 -8.2194817021572852 -13.016739330214993 -15.096415266363682 -16.250926110070893 -17.200718267270894 -17.914213765218115 0.26738454477084 -1.6221107919927016 2.1832327842712402 0.52059953259703096 2.4632554933777859
minute 5.312705315641864 -0.23332177031020268 -2.779287951640216 -9.0295456575757846 -12.468342006961421 -14.293600335795427 -15.530401476833266 -16.49185583967871 -17.215440283451205 0.26549888122306042 -1.7043051315895674 2.378286600112915 1.1688490931639781 2.7786260001829186
mean 5.2522959535063327 -0.26511190872104368 -2.6366891866356621 -8.6586147068150225 -12.96592667737017 -15.669514640515539 -17.032584657048663 -17.946606364876523 -18.601671747508355 0.2429814791282135 -1.6735888639059908 2.3088613351186114 1.0011740131673927 2.58925676973834
selfDistance 2.9982385925465684
levelTwinD 1.7332293151889736e-05
storedMacros 1 0
cells 79
cell 1 1 1 0.521392966682245 5.9964771850931369 -1
skip 
cell 1 1 1 4.7826526424393219 5.9964771850931369 -1
skip 
cell 1 1 1 0.57827825587447701 5.9964771850931369 -1
skip 
cell 1 1 1 0.0079134987974817609 5.9964771850931369 -1
skip 
cell 1 1 1 1.4917401385121887 5.9964771850931369 -1
skip 
cell 1 1 1 0.59109095873055773 5.9964771850931369 -1
skip 
cell 1 1 1 3.8066421037710443 5.9964771850931369 -1
skip 
cell 1 1 1 3.2483797118595241 5.9964771850931369 -1
skip 
cell 1 1 1 2.2500087330627476 5.9964771850931369 -1
skip 
cell 1 1 1 20.683362800720271 5.9964771850931369 -1
skip 
cell 0 1 0 0 5.9964771850931369 -1
skip M displacement
cell 0 1 0 0 5.9964771850931369 -1
skip M displacement
cell 0 1 0 0 5.9964771850931369 -1
skip M displacement
cell 0 1 0 0 5.9964771850931369 -1
skip M displacement
cell 0 1 0 0 5.9964771850931369 -1
skip M displacement
cell 0 1 0 0 5.9964771850931369 -1
skip M displacement
cell 1 1 1 5.9213203717554155 5.9964771850931369 -1
skip 
cell 0 1 0 0 5.9964771850931369 -1
skip M displacement
cell 0 1 0 0 5.9964771850931369 -1
skip M displacement
cell 0 1 0 0 5.9964771850931369 -1
skip M displacement
cell 0 1 0 0 5.9964771850931369 -1
skip M displacement
cell 0 1 0 0 5.9964771850931369 -1
skip M displacement
cell 1 1 1 2.8834653002834014 3.2825537603963024 2.7837260398217594
skip 
cell 1 1 1 2.4479997243523721 8.7971208194223323 2.7837260398217594
skip 
cell 1 1 1 2.7945424549069506 3.1327758490875182 2.7837260398217594
skip 
cell 1 1 1 2.7810824068616862 2.8610304546935108 2.7837260398217594
skip 
cell 1 1 1 2.0897220441706508 2.3966552555191263 2.7837260398217594
skip 
cell 0 1 0 0 5.9964771850931369 -1
skip side predicate
cell 0 1 0 0 5.9964771850931369 -1
skip side predicate
cell 0 1 0 0 0 -1
skip state-only kind
cell 0 1 0 0 0 -1
skip state-only kind
cell 0 1 0 0 0 -1
skip state-only kind
cell 0 1 0 0 0 -1
skip state-only kind
cell 0 1 0 0 0 -1
skip state-only kind
cell 1 1 0 0 0 -1
skip state-only kind
cell 1 1 0 0 0 -1
skip state-only kind
cell 0 1 0 0 0 -1
skip state-only kind
cell 0 1 0 0 0 -1
skip state-only kind
cell 0 1 0 0 0 -1
skip state-only kind
cell 0 1 0 0 0 -1
skip state-only kind
cell 1 1 0 0 0 -1
skip state-only kind
cell 1 0 1 0.521392966682245 0 -1
skip 
cell 1 0 1 0.521392966682245 0 -1
skip 
cell 1 0 1 0.521392966682245 0 -1
skip 
cell 1 0 1 0.521392966682245 0 -1
skip 
cell 0 0 0 0 0 -1
skip state-only kind
cell 0 0 0 0 0 -1
skip state-only kind
cell 0 0 0 0 0 -1
skip state-only kind
cell 0 0 0 0 0 -1
skip state-only kind
cell 0 0 0 0 0 -1
skip state-only kind
cell 1 0 0 0 0 -1
skip state-only kind
cell 0 0 0 0 0 -1
skip state-only kind
cell 0 0 0 0 0 -1
skip state-only kind
cell 0 0 0 0 0 -1
skip state-only kind
cell 0 0 0 0 0 -1
skip state-only kind
cell 0 0 0 0 0 -1
skip state-only kind
cell 0 0 0 0 0 -1
skip state-only kind
cell 0 1 0 0 0 -1
skip state-only kind
cell 0 1 0 0 0 -1
skip state-only kind
cell 1 1 0 0 0 -1
skip state-only kind
cell 1 0 0 0 0 -1
skip state-only kind
cell 1 0 0 0 0 -1
skip state-only kind
cell 0 0 0 0 0 -1
skip state-only kind
cell 1 0 0 0 0 -1
skip state-only kind
cell 0 0 0 0 0 -1
skip state-only kind
cell 0 0 0 0 0 -1
skip state-only kind
cell 1 1 0 0 0 -1
skip state-only kind
cell 0 1 0 0 0 -1
skip state-only kind
cell 0 1 0 0 0 -1
skip state-only kind
cell 1 1 0 0 0 -1
skip state-only kind
cell 0 0 0 0 0 -1
skip state-only kind
cell 1 1 0 0 0 -1
skip state-only kind
cell 0 1 0 0 0 -1
skip state-only kind
cell 0 1 0 0 0 -1
skip state-only kind
cell 1 1 0 0 0 -1
skip state-only kind
cell 0 1 0 0 5.9964771850931369 -1
skip state false
cell 0 1 0 0 5.9964771850931369 -1
skip state false
cell 0 1 0 0 5.9964771850931369 -1
skip state false
cell 0 1 0 0 5.9964771850931369 -1
skip state false
gesture 0 0 0 0 0
rates 1 0.16339388489723206 -22.929683795737184 1 0.16358859837055206 -23.486552884395955
reproducible 1
end
