vorago-sweep-record 2
name Feedback Mire
takeCount 4
timeline 155 45 2.999992847442627 160 220 160 220 220 280 280 340 340 392.99999284744263 402.99999284744263 402.99999284744263 0
takes 4
take 6 1 0.5543174147605896 -20.092952866306781 -40.5484213255938 5.8866943116249715 -130.89880367852749 1 1 1 1
minute 4.6496579559571067 -0.13620161540768785 -3.499162773153512 -11.223121091462197 -13.383824690712148 -14.421382838893722 -15.403647705115482 -16.326106171012739 -17.024818004650257 0.60655395597723105 -1.3573217719287407 2.4017727375030518 2.8045034680723977 5.5817850425807167
minute 4.1021596979460995 -0.14831948843286114 -3.3766204824172021 -11.649042456997742 -17.542631434144798 -19.925870528679965 -20 -20 -20 0.48758492739852533 -1.4125530967154272 2.4887278079986572 1.1253841911996885 4.3093352513595473
minute 3.8264330230480255 -0.2048268975518539 -2.9455839569756437 -9.8714444595305473 -13.138620277093942 -17.156088136423175 -18.201149297306326 -19.126192198689079 -19.825373180989125 0.32142003013166304 -1.4014280561298269 2.5126879215240479 1.7765226089094939 5.0250654177491727
take 7 1 0.52910685539245605 -19.443849649509911 -37.343022552093451 -0.72321908930760515 -154.6984095540667 1 1 1 1
minute 5.0504468502287452 -0.05125290982199715 -4.8705588613680222 -12.408396293652387 -16.839380005584005 -18.374625147766736 -19.364859230597695 -20 -20 0.57931672066428286 -1.4236588841404823 2.5514829158782959 2.502217495358285 5.0501662552572721
minute 5.0653562559928655 -0.067957654787673974 -4.4735090171518879 -11.681239758534144 -14.773170614239202 -16.996195496368237 -18.000214225811639 -18.922780900271498 -19.621054525516399 0.35292927064825902 -1.4991197066000632 2.7145564556121826 2.2701841875214144 4.9090956774383478
minute 5.2133262115663088 -0.040549367313862675 -5.2302377610969799 -10.729793776601767 -14.525418934898804 -20 -20 -20 -20 0.39404397451101542 -1.4937134919179564 2.7144918441772461 2.4429475974273784 5.1996572320943901
take 8 1 0.4329046905040741 -20.183052088820631 -41.332548906954955 1.6788911893454461 -162.71129638776512 1 1 1 1
minute 5.277798284229732 -0.04908203242533915 -4.9378496643749248 -11.73324616297726 -15.646435006355709 -18.87758558039188 -19.921998833426727 -20 -20 0.50515902305233595 -1.5070277233560736 2.6944663524627686 1.6336730741395091 5.2850631797350243
minute 4.4218880673520591 -0.45923790695139621 -1.8960616446294953 -9.113273089661428 -13.406339601858893 -17.570842277165497 -18.645768245390745 -19.57186875023416 -20 0.38773379663398494 -1.4399004976905261 2.5431098937988281 1.5288874909357408 4.8142361416620885
minute 5.3444402008584539 -0.16337614482623053 -3.2717822926471385 -8.761378830385393 -15.91779193488518 -17.970321378647931 -18.958698795925354 -19.881009724407321 -20 0.33950453652298412 -1.565139028894531 2.8498718738555908 1.8441076187346543 5.0814807482782465
take 9 1 0.29153525829315186 -23.779925732096892 -41.748920705925023 -6.2085137829750643 -165.34811587615542 1 1 1 1
minute 5.3619988027078946 -0.035543210394690064 -5.4037340875998385 -11.899805937757231 -14.869878987853932 -16.409763779795362 -17.401657560416858 -18.325280713614806 -19.024280897250399 0.4927132807016002 -1.5883055002124118 2.8432071208953857 0.89145501072618294 3.8939525594994806
minute 4.9231342464490755 -0.14792602867351926 -3.3801184011867513 -11.732111581388811 -16.593985484159354 -19.055324512587752 -20 -20 -20 0.43300225699352857 -1.4674564628521081 2.66945481300354 1.6335743678493921 4.4837373661785964
minute 4.5692625632891435 -0.28739291545257589 -2.4937819160777175 -9.5901514788641524 -13.345360253574038 -15.610617450216964 -16.607366496514363 -17.529892321462789 -18.228863574862164 0.42866406719124966 -1.4883336903659434 2.5943398475646973 2.5633875780727782 4.8541776483557406
mean 4.8171585133021253 -0.14930551433664063 -3.8149167382232592 -10.866083743151089 -14.998569768779998 -17.697384760578103 -18.54211336587543 -19.140260898307702 -19.477032515272363 0.44405215336888826 -1.470329825900341 2.6315141320228577 1.9180703907455761 4.8739793766823851
selfDistance 2.8347678616711658
levelTwinD 5.0903636499924771e-06
storedMacros 0 0
cells 79
cell 1 1 1 2.6042188088126297 5.6695357233423316 -1
skip 
cell 1 1 1 3.6419715769109953 5.6695357233423316 -1
skip 
cell 1 1 1 1.7305327780140067 5.6695357233423316 -1
skip 
cell 1 1 1 4.7751084244207345 5.6695357233423316 -1
skip 
cell 1 1 1 0.91744175142806106 5.6695357233423316 -1
skip 
cell 1 1 1 1.046876944713512 5.6695357233423316 -1
skip 
cell 1 1 1 4.7102086695120375 5.6695357233423316 -1
skip 
cell 1 1 1 0.37061128169131158 5.6695357233423316 -1
skip 
cell 1 1 1 0.99644644095915902 5.6695357233423316 -1
skip 
cell 1 1 1 7.8376325581955948 5.6695357233423316 -1
skip 
cell 0 1 0 0 5.6695357233423316 -1
skip M displacement
cell 0 1 0 0 5.6695357233423316 -1
skip M displacement
cell 0 1 0 0 5.6695357233423316 -1
skip M displacement
cell 0 1 0 0 5.6695357233423316 -1
skip M displacement
cell 0 1 0 0 5.6695357233423316 -1
skip M displacement
cell 0 1 0 0 5.6695357233423316 -1
skip M displacement
cell 0 1 0 0 5.6695357233423316 -1
skip M displacement
cell 0 1 0 0 5.6695357233423316 -1
skip M displacement
cell 0 1 0 0 5.6695357233423316 -1
skip M displacement
cell 0 1 0 0 5.6695357233423316 -1
skip M displacement
cell 0 1 0 0 5.6695357233423316 -1
skip M displacement
cell 0 1 0 0 5.6695357233423316 -1
skip M displacement
cell 1 1 1 3.5805325810286655 4.1550226839548374 6.0180799064016046
skip 
cell 1 1 1 6.3526631262309596 8.544597146310295 6.0180799064016046
skip 
cell 1 1 1 4.7188214618899726 10.658193351997951 6.0180799064016046
skip 
cell 1 1 1 5.2210672587050206 21.458969791548721 6.0180799064016046
skip 
cell 1 1 1 5.4385543575733504 8.1301539254574653 6.0180799064016046
skip 
cell 0 1 0 0 5.6695357233423316 -1
skip side predicate
cell 0 1 0 0 5.6695357233423316 -1
skip side predicate
cell 0 1 0 0 0 -1
skip state-only kind
cell 0 1 0 0 0 -1
skip state-only kind
cell 0 1 0 0 0 -1
skip state-only kind
cell 0 1 0 0 0 -1
skip state-only kind
cell 0 1 0 0 0 -1
skip state-only kind
cell 1 1 0 0 0 -1
skip state-only kind
cell 1 1 0 0 0 -1
skip state-only kind
cell 0 1 0 0 0 -1
skip state-only kind
cell 0 1 0 0 0 -1
skip state-only kind
cell 0 1 0 0 0 -1
skip state-only kind
cell 0 1 0 0 0 -1
skip state-only kind
cell 1 1 0 0 0 -1
skip state-only kind
cell 1 1 1 2.6042188088126297 0 -1
skip 
cell 1 1 1 2.6042188088126297 0 -1
skip 
cell 1 1 1 2.6042188088126297 0 -1
skip 
cell 1 1 1 2.6042188088126297 0 -1
skip 
cell 0 1 0 0 0 -1
skip state-only kind
cell 0 1 0 0 0 -1
skip state-only kind
cell 0 1 0 0 0 -1
skip state-only kind
cell 0 1 0 0 0 -1
skip state-only kind
cell 0 1 0 0 0 -1
skip state-only kind
cell 1 1 0 0 0 -1
skip state-only kind
cell 0 1 0 0 0 -1
skip state-only kind
cell 0 1 0 0 0 -1
skip state-only kind
cell 0 1 0 0 0 -1
skip state-only kind
cell 0 1 0 0 0 -1
skip state-only kind
cell 0 1 0 0 0 -1
skip state-only kind
cell 0 1 0 0 0 -1
skip state-only kind
cell 0 1 0 0 0 -1
skip state-only kind
cell 0 1 0 0 0 -1
skip state-only kind
cell 1 1 0 0 0 -1
skip state-only kind
cell 1 1 0 0 0 -1
skip state-only kind
cell 1 1 0 0 0 -1
skip state-only kind
cell 1 1 0 0 0 -1
skip state-only kind
cell 1 0 0 0 0 -1
skip state-only kind
cell 0 0 0 0 0 -1
skip state-only kind
cell 0 0 0 0 0 -1
skip state-only kind
cell 1 1 0 0 0 -1
skip state-only kind
cell 0 1 0 0 0 -1
skip state-only kind
cell 0 1 0 0 0 -1
skip state-only kind
cell 1 1 0 0 0 -1
skip state-only kind
cell 0 0 0 0 0 -1
skip state-only kind
cell 1 1 0 0 0 -1
skip state-only kind
cell 0 0 0 0 0 -1
skip state-only kind
cell 0 0 0 0 0 -1
skip state-only kind
cell 1 1 0 0 0 -1
skip state-only kind
cell 0 1 0 0 5.6695357233423316 -1
skip state false
cell 0 1 0 0 5.6695357233423316 -1
skip state false
cell 0 1 0 0 5.6695357233423316 -1
skip state false
cell 0 1 0 0 5.6695357233423316 -1
skip state false
gesture 0 0 0 0 0
rates 1 0.59555947780609131 -20.30316601522815 1 0.2803894579410553 -24.312882092677839
reproducible 1
end
