vorago-sweep-record 2
name Choir of Absence
takeCount 4
timeline 155 45 20 160 220 160 220 220 280 280 340 340 410 420 420 0
takes 4
take 10 1 0.96605092287063599 -6.5632950725055172 -10.858656637344954 -0.86297372230907499 -153.95300630985651 1 1 1 1
minute 1.9350718289436202 -0.89961866168964022 -1.3559282894370512 -3.8922164358702553 -8.5397505986514659 -12.706397054832218 -16.151893927442746 -19.586128259724521 -20 0.49686030635604833 -1.02464975307759 0.47381606698036194 0.8837953289047058 2.6119654102893102
minute 1.7242470757816044 -0.85886470782797741 -1.2628910857850166 -5.1915212405485986 -9.2131073673076642 -13.40657271297033 -17.036926943260514 -19.32989382569788 -20 0.7129292592356764 -1.0095838967885298 0.13836945593357086 0.21734927186834901 2.3265752901013386
minute 1.7877748765714234 -0.7833934302751473 -1.748181415765881 -3.3615488309427435 -5.7196385956200455 -9.2428265595909682 -16.261609088624255 -19.809962207725341 -20 0.33079520737740586 -1.0452244255475849 0.22940389811992645 0.68284345110331612 2.9190993283431146
take 11 1 0.96605092287063599 -6.7968271372978419 -14.336366289717695 1.7652014381791847 -144.68649941887034 1 1 1 1
minute 0.79180236622306133 -0.39516035824364693 -2.315057874609443 -4.8316345548853956 -9.6911430962353258 -14.187306936167584 -17.808801410326737 -20 -20 0.37219467716107024 -1.0094913475060583 0.28499045968055725 1.269483827590012 3.1633485524793756
minute 0.60512673774682924 -0.68389820645243593 -1.6433354744233917 -4.2765603769157448 -8.6052050674603429 -11.353298131907739 -17.500810468459928 -20 -20 0.31599989250849281 -1.0015908334109562 0.48022514581680298 0.68870136779753244 3.1619432307864521
minute -0.74418123470507891 -0.65794338429115895 -1.6282627256583115 -4.7328049835803636 -8.8531249581704579 -11.98986009678298 -17.767929290758396 -20 -20 0.7825221345173401 -0.9790532344374473 0.19574816524982452 0.15090329696116431 2.6644108861735498
take 12 1 0.96605092287063599 -6.2655517308924482 -11.4959864626006 -1.2766208707613478 -154.66877887715725 1 1 1 1
minute 0.54362481316735689 -0.24095693417095809 -2.7990315979132427 -7.1999340032660317 -9.1948578630825644 -15.337982176107673 -18.155913604955003 -20 -20 0.67630707059260786 -0.98587536424346689 0.18359114229679108 0.30139944134283708 2.4975396188753414
minute -0.37375964716660448 -0.29806038648737082 -2.5016255905862992 -7.1402997315368681 -9.7262865154455458 -15.100821392722326 -18.118879776104912 -20 -20 0.66237191657207495 -0.97927448217223645 0.13547630608081818 0.31655000840087133 2.4626354461992017
minute 0.67832097530778701 -0.2994606114411032 -2.7459226508055927 -5.0369636181710717 -7.4460873845998545 -12.777331605587685 -16.507942730913733 -20 -20 0.38349425197138787 -0.99124064220470431 0.34763523936271667 0.72878270133658973 2.9554254334394621
take 13 1 0.96605092287063599 -5.5755346205920917 -8.613270211292372 -0.40764758468224649 -156.71082045815388 0 1 1 1
minute 1.1244114856765379 -0.33663665066727333 -2.3585110381621224 -6.5878447427138456 -10.374177722858825 -14.159118043155207 -17.309403286300778 -19.981325983913955 -20 0.65141064388641956 -0.98809067244606252 0.38853088021278381 0.3531898864019673 2.4009494373493876
minute 0.6404389701654658 -0.56740469661371407 -1.8961518610836539 -4.281525223425386 -8.7531929101839996 -13.742806086277302 -17.816907303845785 -20 -20 0.77783656964997461 -0.95442039190347683 0.29151439666748047 0.34600292421826145 2.560963950051161
minute 1.2743210001149046 -0.55913710754543722 -1.9920424823324017 -4.0065776632899306 -7.7028244096786 -13.178462625879996 -17.069700484666235 -20 -20 0.73406257406258613 -0.95782885595313294 0.098232641816139221 0.2960127814039627 2.5778720158451529
mean 0.8322666039855755 -0.54837792797548857 -2.0205785072135338 -5.0449526170955199 -8.6516163741078884 -13.098565285165167 -17.292226526304919 -19.892275856421808 -20 0.57473204199092376 -0.99386032497427057 0.27062781651814777 0.51958452394413079 2.6918940499944033
selfDistance 3.4108773428003878
levelTwinD 4.7628265313441297e-07
storedMacros 0 0
cells 79
cell 1 1 1 0.55369445074163204 6.8217546856007756 -1
skip 
cell 1 1 1 5.4977889249062155 6.8217546856007756 -1
skip 
cell 1 1 1 0.16383946960127382 6.8217546856007756 -1
skip 
cell 1 1 1 0.26544505359842446 6.8217546856007756 -1
skip 
cell 1 1 1 0.076920225036167481 6.8217546856007756 -1
skip 
cell 1 1 1 0.10697647009621004 6.8217546856007756 -1
skip 
cell 1 1 1 8.6484780621453954 6.8217546856007756 -1
skip 
cell 1 1 1 0.79845094794400473 6.8217546856007756 -1
skip 
cell 1 1 1 4.338267280177373 6.8217546856007756 -1
skip 
cell 1 1 1 0.9785321138600791 6.8217546856007756 -1
skip 
cell 0 1 0 0 6.8217546856007756 -1
skip M displacement
cell 0 1 0 0 6.8217546856007756 -1
skip M displacement
cell 0 1 0 0 6.8217546856007756 -1
skip M displacement
cell 0 1 0 0 6.8217546856007756 -1
skip M displacement
cell 0 1 0 0 6.8217546856007756 -1
skip M displacement
cell 0 1 0 0 6.8217546856007756 -1
skip M displacement
cell 0 1 0 0 6.8217546856007756 -1
skip M displacement
cell 0 1 0 0 6.8217546856007756 -1
skip M displacement
cell 0 1 0 0 6.8217546856007756 -1
skip M displacement
cell 0 1 0 0 6.8217546856007756 -1
skip M displacement
cell 0 1 0 0 6.8217546856007756 -1
skip M displacement
cell 0 1 0 0 6.8217546856007756 -1
skip M displacement
cell 1 1 1 2.3586601627015997 10.363375601355081 8.3885806900733293
skip 
cell 1 1 1 11.262001633539768 19.288353173193791 8.3885806900733293
skip 
cell 1 1 1 8.2282802488942668 9.5258104880048258 8.3885806900733293
skip 
cell 1 1 1 8.2741947728941465 10.364876000852083 8.3885806900733293
skip 
cell 1 1 1 9.6414169536584726 10.504912893079686 8.3885806900733293
skip 
cell 0 1 0 0 6.8217546856007756 -1
skip side predicate
cell 0 1 0 0 6.8217546856007756 -1
skip side predicate
cell 0 0 0 0 0 -1
skip state-only kind
cell 0 0 0 0 0 -1
skip state-only kind
cell 0 0 0 0 0 -1
skip state-only kind
cell 0 0 0 0 0 -1
skip state-only kind
cell 0 0 0 0 0 -1
skip state-only kind
cell 1 0 0 0 0 -1
skip state-only kind
cell 1 0 0 0 0 -1
skip state-only kind
cell 0 0 0 0 0 -1
skip state-only kind
cell 0 0 0 0 0 -1
skip state-only kind
cell 0 0 0 0 0 -1
skip state-only kind
cell 0 0 0 0 0 -1
skip state-only kind
cell 1 0 0 0 0 -1
skip state-only kind
cell 1 0 1 0.55369445074163204 0 -1
skip 
cell 1 0 1 0.55369445074163204 0 -1
skip 
cell 1 0 1 0.55369445074163204 0 -1
skip 
cell 1 0 1 0.55369445074163204 0 -1
skip 
cell 0 0 0 0 0 -1
skip state-only kind
cell 0 0 0 0 0 -1
skip state-only kind
cell 0 0 0 0 0 -1
skip state-only kind
cell 0 0 0 0 0 -1
skip state-only kind
cell 0 0 0 0 0 -1
skip state-only kind
cell 1 0 0 0 0 -1
skip state-only kind
cell 0 0 0 0 0 -1
skip state-only kind
cell 0 0 0 0 0 -1
skip state-only kind
cell 0 0 0 0 0 -1
skip state-only kind
cell 0 0 0 0 0 -1
skip state-only kind
cell 0 0 0 0 0 -1
skip state-only kind
cell 0 0 0 0 0 -1
skip state-only kind
cell 0 1 0 0 0 -1
skip state-only kind
cell 0 1 0 0 0 -1
skip state-only kind
cell 1 1 0 0 0 -1
skip state-only kind
cell 1 0 0 0 0 -1
skip state-only kind
cell 0 0 0 0 0 -1
skip state-only kind
cell 0 0 0 0 0 -1
skip state-only kind
cell 1 0 0 0 0 -1
skip state-only kind
cell 0 0 0 0 0 -1
skip state-only kind
cell 0 0 0 0 0 -1
skip state-only kind
cell 1 1 0 0 0 -1
skip state-only kind
cell 0 1 0 0 0 -1
skip state-only kind
cell 0 1 0 0 0 -1
skip state-only kind
cell 1 1 0 0 0 -1
skip state-only kind
cell 0 0 0 0 0 -1
skip state-only kind
cell 1 1 0 0 0 -1
skip state-only kind
cell 1 1 0 0 0 -1
skip state-only kind
cell 1 1 0 0 0 -1
skip state-only kind
cell 0 1 0 0 0 -1
skip state-only kind
cell 0 1 0 0 6.8217546856007756 -1
skip state false
cell 0 1 0 0 6.8217546856007756 -1
skip state false
cell 0 1 0 0 6.8217546856007756 -1
skip state false
cell 0 1 0 0 6.8217546856007756 -1
skip state false
gesture 0 0 0 0 0
rates 1 0.96605092287063599 -6.4047150251429255 1 0.96605092287063599 -7.2046975751850599
reproducible 1
end
