vorago-sweep-record 2
name Hull Resonance
takeCount 4
timeline 155 45 4.0000028610229492 160 220 160 220 220 280 280 340 340 394.00000286102295 404.00000286102295 404.00000286102295 0
takes 4
take 11 1 0.37274900078773499 -20.994832135189139 -27.161320506716873 -0.34157116640497165 -151.29764960927287 1 1 1 1
minute 6.4027727806628478 -0.17370496450637063 -3.4969877555898323 -5.417660570983533 -14.775590603296246 -16.196784762447621 -17.208488958785829 -18.133984510417157 -18.833500355116374 0.23576341345164503 -1.75152721085357 3.1980085372924805 1.4161462347751963 4.7343559709673162
minute 6.4946374548522856 -0.15320574464271411 -3.7316746704126396 -5.44013649984654 -9.883086073231107 -14.991200954210388 -15.966437988440143 -16.887255498593692 -17.585798785018461 0.25535287147481489 -1.7179579986882365 3.1569037437438965 1.2040304043806909 4.3411142798307232
minute 6.043184052017641 -0.092848196318082415 -4.5906613664716875 -6.0922628409190382 -7.6201496232626003 -14.015533572142289 -14.998527045813555 -15.921286943233412 -16.620461175366515 0.20516269551726576 -1.6732037585505433 3.2146620750427246 0.82890496015550574 4.379583696746379
take 12 1 0.3862881064414978 -21.994396930463974 -27.581507562416917 0.78081207732057578 -139.26863870986867 1 1 1 1
minute 5.5857803052385613 -0.11689863482115706 -4.2602279248587394 -5.3495510218439026 -15.520521826196898 -20 -20 -20 -20 0.055591692189996517 -1.8079319856974319 3.4298019409179688 0.58013456773911443 3.8759578445528793
minute 5.9761311908801256 -0.26476300731975988 -3.4527735287560972 -3.7510377722285995 -13.527898368262683 -15.688907729391602 -16.675954029320479 -17.599437992096483 -18.298200537434354 0.13401075859715272 -1.7044058988504873 3.0981695652008057 1.1888635769768197 4.7162013041485071
minute 6.4557993681745396 -0.14159558149531409 -4.5992542473496432 -4.5860866987493978 -6.7654156039219915 -15.582864538680724 -16.570513388316328 -17.494489869461038 -18.193683443730553 0.12573228034086414 -1.7288962924917823 3.3300936222076416 0.66982524485474693 3.9586595712705241
take 13 1 0.42717394232749939 -21.308289847379562 -27.341795451755907 1.6321618706714247 -129.99203144091268 1 1 1 1
minute 6.5259357817179096 -0.092818587596731561 -4.1193402164682782 -8.0297048212300091 -14.115567988300494 -15.509760846049661 -16.491441183653688 -17.413795590183874 -18.112656223355785 0.21706576745880629 -1.7446760861568038 3.364288330078125 0.71511215823791707 3.8507032845597764
minute 6.2810367614161979 -0.20067859560877821 -3.1382074133163984 -6.1030706769340428 -11.986636117936413 -19.970032708588917 -20 -20 -20 -0.002648201790051962 -1.7247429162471402 3.1772446632385254 1.0845901999939287 4.4100494162537576
minute 5.9330408867742159 -0.25100257324795905 -2.7135369258029485 -7.5236540563673859 -12.268036631264431 -18.276969321600021 -19.325735859010237 -20 -20 -0.076879114131238616 -1.72881046774195 3.1446285247802734 1.355836898666773 4.9979283022110375
take 14 1 0.3132815957069397 -23.049106810833557 -28.377619480864492 1.1726950633000754 -160.89703979593179 1 1 1 1
minute 5.9085149488531403 -0.29201856453748098 -3.1573674484664949 -3.8631704342127904 -11.511609958123943 -15.345212315491771 -16.325939026511733 -17.248294774533591 -17.947389673627953 -0.014637364131479669 -1.7761838321212033 3.3630149364471436 0.98720997612776173 4.1008544814920942
minute 6.4111727321161327 -0.092362867722438097 -4.5913340548303001 -5.6876638102998358 -12.368479900871934 -17.351973915493371 -18.359236932824288 -19.288449801464729 -19.988111597424883 0.16374751708647145 -1.773826195715414 3.3785486221313477 0.58779038763575187 3.7695997418091878
minute 6.4074267511113927 -0.097939489166681895 -4.3351917634738939 -6.0768176749688525 -12.470295373058839 -13.699887893469686 -14.683543524822726 -15.606358560268824 -16.305524607015681 0.16581855239383295 -1.6854721509099237 3.2234640121459961 0.96190614136795261 4.4958985281789907
mean 6.2021194178179151 -0.16415306724862233 -3.8488797763164122 -5.6600680732153279 -11.901107338977299 -16.385760713130502 -17.21715149479158 -17.966112795021065 -18.490443866507547 0.12200673903817329 -1.7348028995020404 3.2565690477689104 0.96502922924267986 4.3025755351684305
selfDistance 4.786887928488019
levelTwinD 3.9734687878451881e-05
storedMacros 0 0
cells 79
cell 1 1 1 4.2073187595103825 9.5737758569760381 -1
skip 
cell 1 1 1 0.59978505110873925 9.5737758569760381 -1
skip 
cell 1 1 1 2.6203813059880696 9.5737758569760381 -1
skip 
cell 1 1 1 0.017403201538191946 9.5737758569760381 -1
skip 
cell 1 1 1 2.3872759911530004 9.5737758569760381 -1
skip 
cell 1 1 1 0.6660798326395122 9.5737758569760381 -1
skip 
cell 1 1 1 7.6592127623425634 9.5737758569760381 -1
skip 
cell 1 1 1 0.47997503949356701 9.5737758569760381 -1
skip 
cell 1 1 1 1.6034742081554603 9.5737758569760381 -1
skip 
cell 1 1 1 10.676305220525757 9.5737758569760381 -1
skip 
cell 0 1 0 0 9.5737758569760381 -1
skip M displacement
cell 0 1 0 0 9.5737758569760381 -1
skip M displacement
cell 0 1 0 0 9.5737758569760381 -1
skip M displacement
cell 0 1 0 0 9.5737758569760381 -1
skip M displacement
cell 0 1 0 0 9.5737758569760381 -1
skip M displacement
cell 0 1 0 0 9.5737758569760381 -1
skip M displacement
cell 0 1 0 0 9.5737758569760381 -1
skip M displacement
cell 0 1 0 0 9.5737758569760381 -1
skip M displacement
cell 0 1 0 0 9.5737758569760381 -1
skip M displacement
cell 0 1 0 0 9.5737758569760381 -1
skip M displacement
cell 0 1 0 0 9.5737758569760381 -1
skip M displacement
cell 0 1 0 0 9.5737758569760381 -1
skip M displacement
cell 1 1 1 10.07309609983156 14.829886764623483 11.495338864109431
skip 
cell 1 1 1 11.272619052523579 19.176656742417503 11.495338864109431
skip 
cell 1 1 1 9.6323419941760804 9.8302271803576957 11.495338864109431
skip 
cell 1 1 1 11.508115486856662 15.813575608612304 11.495338864109431
skip 
cell 1 1 1 10.535808204147774 15.600920485479147 11.495338864109431
skip 
cell 0 1 0 0 9.5737758569760381 -1
skip side predicate
cell 0 1 0 0 9.5737758569760381 -1
skip side predicate
cell 0 1 0 0 0 -1
skip state-only kind
cell 0 1 0 0 0 -1
skip state-only kind
cell 0 1 0 0 0 -1
skip state-only kind
cell 0 1 0 0 0 -1
skip state-only kind
cell 0 1 0 0 0 -1
skip state-only kind
cell 1 1 0 0 0 -1
skip state-only kind
cell 1 1 0 0 0 -1
skip state-only kind
cell 0 1 0 0 0 -1
skip state-only kind
cell 0 1 0 0 0 -1
skip state-only kind
cell 0 1 0 0 0 -1
skip state-only kind
cell 0 1 0 0 0 -1
skip state-only kind
cell 1 1 0 0 0 -1
skip state-only kind
cell 1 1 1 4.2073187595103825 0 -1
skip 
cell 1 1 1 4.2073187595103825 0 -1
skip 
cell 1 1 1 4.2073187595103825 0 -1
skip 
cell 1 1 1 4.2073187595103825 0 -1
skip 
cell 0 1 0 0 0 -1
skip state-only kind
cell 0 1 0 0 0 -1
skip state-only kind
cell 0 1 0 0 0 -1
skip state-only kind
cell 0 1 0 0 0 -1
skip state-only kind
cell 0 1 0 0 0 -1
skip state-only kind
cell 1 1 0 0 0 -1
skip state-only kind
cell 0 1 0 0 0 -1
skip state-only kind
cell 0 1 0 0 0 -1
skip state-only kind
cell 0 1 0 0 0 -1
skip state-only kind
cell 0 1 0 0 0 -1
skip state-only kind
cell 0 1 0 0 0 -1
skip state-only kind
cell 0 1 0 0 0 -1
skip state-only kind
cell 0 0 0 0 0 -1
skip state-only kind
cell 0 0 0 0 0 -1
skip state-only kind
cell 1 0 0 0 0 -1
skip state-only kind
cell 1 0 0 0 0 -1
skip state-only kind
cell 0 0 0 0 0 -1
skip state-only kind
cell 0 0 0 0 0 -1
skip state-only kind
cell 1 1 0 0 0 -1
skip state-only kind
cell 0 1 0 0 0 -1
skip state-only kind
cell 0 1 0 0 0 -1
skip state-only kind
cell 1 1 0 0 0 -1
skip state-only kind
cell 0 1 0 0 0 -1
skip state-only kind
cell 0 1 0 0 0 -1
skip state-only kind
cell 1 1 0 0 0 -1
skip state-only kind
cell 0 0 0 0 0 -1
skip state-only kind
cell 1 1 0 0 0 -1
skip state-only kind
cell 0 1 0 0 0 -1
skip state-only kind
cell 0 1 0 0 0 -1
skip state-only kind
cell 1 1 0 0 0 -1
skip state-only kind
cell 0 1 0 0 9.5737758569760381 -1
skip state false
cell 0 1 0 0 9.5737758569760381 -1
skip state false
cell 0 1 0 0 9.5737758569760381 -1
skip state false
cell 0 1 0 0 9.5737758569760381 -1
skip state false
gesture 0 0 0 0 0
rates 1 0.32042771577835083 -23.966481005661539 1 0.23396344482898712 -24.180993868842041
reproducible 1
end
