vorago-sweep-record 2
name Fogbound
takeCount 4
timeline 155 45 20 160 220 160 220 220 280 280 340 340 410 420 420 0
takes 4
take 9 1 0.21765013039112091 -26.287193612495251 -32.467550577482257 -0.90804157211432823 -160.98260193721319 1 1 1 1
minute 4.0035977679335755 -0.024940788905882506 -5.9577847396158292 -10.674386937969157 -13.532856336066825 -15.330910756316131 -16.340149601744894 -17.276159142563408 -17.98162740022768 0.54543498426246695 -1.0676488689016399 -1.1467382907867432 1.1751775842448335 4.5448660434825996
minute 4.2257373156833395 -0.024633892837812255 -5.9663537007025074 -10.768764253960843 -14.289344422182845 -17.375060320040376 -18.496880997607235 -19.476322393952614 -20 0.52653650595054113 -1.0760380748657727 -1.0670044422149658 0.53890069982771283 3.9602062143754191
minute 4.0183266780557405 -0.028337233966160131 -5.7833738163592345 -10.223546597638483 -13.659313079473478 -15.589076760648192 -16.601145833018652 -17.535593430142573 -18.240085329451951 0.51400184678665028 -1.0702016232071569 -1.0949587821960449 1.0628612708817389 4.3733890997707459
take 10 1 0.23428291082382202 -25.016074319694141 -30.353624358176809 -0.4106210583145149 -154.97043769165822 1 1 1 1
minute 4.123035048903283 -0.024447408467845357 -5.9797141342062545 -10.800360343324215 -13.935774389811295 -15.911006050098496 -16.944470796511567 -17.890241040360173 -18.599631649398944 0.4890315049715559 -1.0302111637538502 -0.99700009822845459 0.7758835688950676 4.3435594521835252
minute 3.9660469494582835 -0.027428695821628914 -5.8229527521725304 -10.311089483348377 -14.362342447176781 -19.449153593658281 -20 -20 -20 0.47436880452777541 -1.02909407428541 -0.93037062883377075 1.0995211016755746 4.7803142627581572
minute 3.8828354715261391 -0.032261922056709594 -5.5983065276160406 -9.92430028598665 -14.008811720226888 -18.265572881607344 -19.680406928464649 -20 -20 0.47429782678683197 -1.0365843995664847 -1.0074412822723389 0.97434135413371692 4.4303304621731492
take 11 1 0.18893074989318848 -27.039862152006041 -33.403742990482314 2.5747005121944184 -146.46973732591056 1 1 1 1
minute 4.0467442075090414 -0.036973145621168158 -5.3791429967910931 -10.336831069837601 -13.868506409053513 -16.554104252773897 -17.859800590070243 -18.830197127538057 -19.548351548166298 0.49318247876229709 -1.0473124289173363 -1.0510915517807007 1.0170185842563222 4.6183023765547491
minute 4.0218566701501945 -0.063622932589107478 -4.6275552780504388 -9.0673640107727351 -12.502346319640859 -16.622470972532135 -18.823513942838773 -19.832248580615307 -20 0.44087247189054268 -1.0392354014501495 -1.0120131969451904 1.1345408150390117 4.6962174255929945
minute 3.9983721088459774 -0.041077025537411771 -5.2226196931177213 -10.360497010045487 -13.903631386799209 -17.012740096994079 -18.256537196300187 -19.235806680471256 -19.957887804203722 0.45248410769152492 -1.0310228294031378 -0.98969602584838867 1.1268958677321859 4.6077643712314451
take 12 1 0.233623206615448 -23.982754680902417 -33.650133455491819 -0.94562106896088594 -157.69829718064531 1 1 1 1
minute 3.8880514407154578 -0.031442842639480752 -5.615703078980161 -10.395020625126559 -14.29986082927107 -18.306216561232318 -19.517211933281189 -20 -20 0.50953570830894901 -1.0321443967598418 -1.0255377292633057 1.0174751879129673 4.2974469196627219
minute 3.9372868170369957 -0.030993720303181739 -5.6497989488243734 -10.163297909769241 -13.655813886226753 -16.425464528426545 -17.475165754717711 -18.424762452339127 -19.136778359480772 0.50722172812314958 -1.0236174154991167 -0.95350539684295654 1.3142455369133468 4.5419660555720824
minute 4.0781493775152429 -0.023422577015305514 -6.0558005626118758 -10.639463156098177 -13.338894666686404 -15.071363154460778 -16.100700338208824 -17.03881800407769 -17.746121087397302 0.50002913976566776 -1.0428903566976127 -1.1131876707077026 1.5247880419549034 5.0780516729456444
mean 4.0158366544444393 -0.032465182146807846 -5.6382588524206714 -10.305410140323126 -13.779791324384661 -16.826094994065713 -18.007998659396996 -18.795012404338351 -19.267540264860553 0.4939164256523294 -1.0438334194422922 -1.0323787579933801 1.0634708011222818 4.5227011963586019
selfDistance 1.9382696864292803
levelTwinD 2.0323592744637199e-05
storedMacros 0 0
cells 79
cell 1 1 1 1.5730837503762094 3.8765393728585607 -1
skip 
cell 1 1 1 2.0348763506378527 3.8765393728585607 -1
skip 
cell 1 1 1 1.5838590391460807 3.8765393728585607 -1
skip 
cell 1 1 1 0.0086335181900829665 3.8765393728585607 -1
skip 
cell 1 1 1 0.75106743894408445 3.8765393728585607 -1
skip 
cell 1 1 1 0.011578074330987013 3.8765393728585607 -1
skip 
cell 1 1 1 2.2582028229721658 3.8765393728585607 -1
skip 
cell 1 1 1 8.834830939594184 3.8765393728585607 -1
skip 
cell 1 1 0 0 3.8765393728585607 -1
skip override equals stored
cell 1 1 1 6.5481434691076785 3.8765393728585607 -1
skip 
cell 0 1 0 0 3.8765393728585607 -1
skip M displacement
cell 0 1 0 0 3.8765393728585607 -1
skip M displacement
cell 0 1 0 0 3.8765393728585607 -1
skip M displacement
cell 0 1 0 0 3.8765393728585607 -1
skip M displacement
cell 0 1 0 0 3.8765393728585607 -1
skip M displacement
cell 0 1 0 0 3.8765393728585607 -1
skip M displacement
cell 0 1 0 0 3.8765393728585607 -1
skip M displacement
cell 0 1 0 0 3.8765393728585607 -1
skip M displacement
cell 1 1 1 5.067760782984096 3.8765393728585607 -1
skip 
cell 0 1 0 0 3.8765393728585607 -1
skip M displacement
cell 0 1 0 0 3.8765393728585607 -1
skip M displacement
cell 0 1 0 0 3.8765393728585607 -1
skip M displacement
cell 1 1 1 0.85322544867161609 2.3493064654668743 0.85170735188241331
skip 
cell 1 1 1 0.8300676976073551 2.5738213874826048 0.85170735188241331
skip 
cell 1 1 1 1.3689279262961549 4.8011089675624898 0.85170735188241331
skip 
cell 1 1 1 0.8515092857890435 2.3373185680028068 0.85170735188241331
skip 
cell 1 1 1 0.85170735188241331 2.3493064654668743 0.85170735188241331
skip 
cell 0 1 0 0 3.8765393728585607 -1
skip side predicate
cell 0 1 0 0 3.8765393728585607 -1
skip side predicate
cell 0 1 0 0 0 -1
skip state-only kind
cell 0 1 0 0 0 -1
skip state-only kind
cell 0 1 0 0 0 -1
skip state-only kind
cell 0 1 0 0 0 -1
skip state-only kind
cell 0 1 0 0 0 -1
skip state-only kind
cell 1 1 0 0 0 -1
skip state-only kind
cell 1 1 0 0 0 -1
skip state-only kind
cell 0 1 0 0 0 -1
skip state-only kind
cell 0 1 0 0 0 -1
skip state-only kind
cell 0 1 0 0 0 -1
skip state-only kind
cell 0 1 0 0 0 -1
skip state-only kind
cell 1 1 0 0 0 -1
skip state-only kind
cell 1 1 1 1.5730837503762094 0 -1
skip 
cell 0 1 1 1.5730837503762094 0 -1
skip 
cell 0 1 1 1.5730837503762094 0 -1
skip 
cell 0 1 1 1.5730837503762094 0 -1
skip 
cell 0 1 0 0 0 -1
skip state-only kind
cell 0 1 0 0 0 -1
skip state-only kind
cell 0 1 0 0 0 -1
skip state-only kind
cell 0 1 0 0 0 -1
skip state-only kind
cell 0 1 0 0 0 -1
skip state-only kind
cell 0 1 0 0 0 -1
skip state-only kind
cell 0 1 0 0 0 -1
skip state-only kind
cell 1 1 0 0 0 -1
skip state-only kind
cell 0 1 0 0 0 -1
skip state-only kind
cell 1 1 0 0 0 -1
skip state-only kind
cell 1 1 0 0 0 -1
skip state-only kind
cell 1 1 0 0 0 -1
skip state-only kind
cell 0 1 0 0 0 -1
skip state-only kind
cell 0 1 0 0 0 -1
skip state-only kind
cell 1 1 0 0 0 -1
skip state-only kind
cell 1 0 0 0 0 -1
skip state-only kind
cell 0 0 0 0 0 -1
skip state-only kind
cell 0 0 0 0 0 -1
skip state-only kind
cell 1 0 0 0 0 -1
skip state-only kind
cell 0 0 0 0 0 -1
skip state-only kind
cell 0 0 0 0 0 -1
skip state-only kind
cell 1 1 0 0 0 -1
skip state-only kind
cell 0 1 0 0 0 -1
skip state-only kind
cell 0 1 0 0 0 -1
skip state-only kind
cell 1 1 0 0 0 -1
skip state-only kind
cell 0 0 0 0 0 -1
skip state-only kind
cell 1 1 0 0 0 -1
skip state-only kind
cell 0 0 0 0 0 -1
skip state-only kind
cell 0 0 0 0 0 -1
skip state-only kind
cell 1 1 0 0 0 -1
skip state-only kind
cell 0 1 0 0 3.8765393728585607 -1
skip state false
cell 0 1 0 0 3.8765393728585607 -1
skip state false
cell 0 1 0 0 3.8765393728585607 -1
skip state false
cell 0 1 0 0 3.8765393728585607 -1
skip state false
gesture 0 0 0 0 0
rates 1 0.20622216165065765 -24.991854038179024 1 0.25887590646743774 -24.616449949170484
reproducible 1
end
