vorago-sweep-record 2
name Lightless
takeCount 4
timeline 155 45 10.000119209289551 160 220 160 220 220 280 280 340 340 400.00011920928955 410.00011920928955 410.00011920928955 0
takes 4
take 13 1 0.1747404932975769 -26.64046251520919 -32.97046334448433 -0.4737323455833895 -146.32720802553163 1 1 1 1
minute 7.1650184711937728 -0.082045391999171116 -5.1751260315534537 -5.3175289791758873 -9.5681087172219055 -12.32695808820926 -13.887048218073257 -14.375725940094902 -15.684235863889969 0.13635848459203315 -1.9439058565088947 -3.40122389793396 1.2777659862467559 3.9736016373471488
minute 7.5860623811780972 -0.052150702709999067 -5.5611611280511726 -6.2544855986633694 -11.22690276810998 -13.270426680515474 -14.249780834605639 -15.200966795694544 -16.110079200241167 0.12511262811296822 -2.0989523065876257 -3.5004351139068604 1.4808423212865403 3.9201295559236335
minute 5.6413149163853884 -0.080102089130373116 -4.442852580766095 -7.1803768588295469 -11.829665337756277 -14.684282543895723 -16.066703320644923 -16.847323343692665 -17.979592835197948 0.099894778654584321 -1.9676155197045919 -3.4337325096130371 1.1907132638088418 3.9308159351509326
take 14 1 0.16174899041652679 -26.670620278455559 -34.91321427771733 2.0584206310824094 -151.04454744615316 1 1 1 1
minute 4.645397291022304 -0.083729775436277493 -4.3312496631916346 -7.9604175065523837 -9.3390092254467199 -12.000311589678816 -14.123674217140797 -15.72131589659692 -16.934126137441147 0.21743355289263053 -1.6786191843014782 -3.0586791038513184 1.1241685192438486 4.2503356873861753
minute 6.1028929554051494 -0.066239166429397756 -4.6685687585897613 -7.9238013605763769 -10.784172418286602 -12.825499262923248 -15.128020424387898 -16.361287734942525 -17.506221572397966 0.17360750905222161 -1.8508693567579739 -3.3754322528839111 1.2146496989885451 3.9397462491472384
minute 7.5260682959327543 -0.024960381291082946 -6.1278322144676398 -8.7559448163638969 -12.634690673558206 -14.792610839426832 -16.167473885552013 -17.169732697679017 -18.21233666700595 0.29786972955030377 -2.0136048314101274 -3.4608790874481201 1.2086722958558735 4.2990003928990372
take 15 1 0.1520732194185257 -25.38710332938685 -38.712212528414867 1.323771074845542 -149.73022371132404 1 1 1 1
minute 4.6265837196177575 -0.11752337583646977 -4.6538839303671384 -4.769668154895979 -10.649615048017317 -14.398846731187222 -14.948603443161968 -16.722054653946664 -17.589566608239004 0.071706500257269407 -1.7884073846869737 -3.3679172992706299 1.991942782798668 4.2609266706737179
minute 5.6970290812804381 -0.068532309639891764 -4.8331097103539236 -6.66667584434032 -10.683423436254923 -13.824170876597289 -15.045605253495275 -15.978544262024913 -16.829802807831726 0.17314489420355339 -1.9720425470390157 -3.5108029842376709 2.3145291940300803 4.1972902208932688
minute 5.8509373969084955 -0.1942094364968554 -4.3569963882204661 -3.7867616799902493 -8.5523387921319056 -12.036269134867311 -13.352356958665428 -14.43193483483158 -15.555522908151847 -0.06745368521942631 -1.8509672307377401 -3.3757960796356201 1.1177948481359867 3.9866127410216201
take 0 1 0.1897052675485611 -25.825014837758495 -34.06910509316382 0.96050033227045617 -143.03216379112573 1 1 1 1
minute 5.695068899618505 -0.063214497233912439 -5.0662624803604004 -6.4144687558399713 -10.858568714588998 -14.542471637409182 -16.558410123667478 -17.23354610143231 -18.51837777806626 0.18544275024571022 -1.8131653866302813 -3.2170333862304688 1.55316241605832 4.7012440563557636
minute 6.3355900841398807 -0.083374962505291222 -4.9470907908685433 -5.5254091417685629 -9.9560156932300661 -13.407346580396638 -15.594507925276284 -15.996894555817008 -17.422442576823091 0.081523764558795078 -1.9425929450173476 -3.436190128326416 1.170392774606434 4.2207240957983814
minute 7.2300310147135969 -0.040619539024644283 -5.6967829253189421 -7.0862566296393172 -10.819602632124287 -14.328572176418797 -16.049657328049619 -17.276633969890021 -18.192042226872381 0.13497790790820768 -2.0664506799004543 -3.4844298362731934 1.4864799315663773 3.7647414900223453
mean 6.1751662089496797 -0.079725135644447206 -4.9884097168424306 -6.4701496105529888 -10.575176121393934 -13.536480511793815 -15.097653494393381 -16.109663398886919 -17.211195598513207 0.13580156790073758 -1.9155994357735422 -3.3852126399676004 1.4275928360521895 4.1204307277182712
selfDistance 1.8508894297297442
levelTwinD 5.0504486108030553e-07
storedMacros 0 0
cells 79
cell 1 1 1 9.7956428086419791 3.7017788594594885 -1
skip 
cell 1 1 1 4.4569688669091168 3.7017788594594885 -1
skip 
cell 1 1 1 1.2064846660279236 3.7017788594594885 -1
skip 
cell 1 1 1 0.016092605563514412 3.7017788594594885 -1
skip 
cell 1 1 1 0.38957191712217742 3.7017788594594885 -1
skip 
cell 1 1 0 0 3.7017788594594885 -1
skip override equals stored
cell 1 1 1 10.29556781500064 3.7017788594594885 -1
skip 
cell 1 1 1 5.8610368653065432 3.7017788594594885 -1
skip 
cell 1 1 0 0 3.7017788594594885 -1
skip override equals stored
cell 1 1 1 24.038216769813726 3.7017788594594885 -1
skip 
cell 1 1 1 4.4887676482430976 3.7017788594594885 -1
skip 
cell 0 1 0 0 3.7017788594594885 -1
skip M displacement
cell 0 1 0 0 3.7017788594594885 -1
skip M displacement
cell 0 1 0 0 3.7017788594594885 -1
skip M displacement
cell 0 1 0 0 3.7017788594594885 -1
skip M displacement
cell 0 1 0 0 3.7017788594594885 -1
skip M displacement
cell 0 1 0 0 3.7017788594594885 -1
skip M displacement
cell 0 1 0 0 3.7017788594594885 -1
skip M displacement
cell 0 1 0 0 3.7017788594594885 -1
skip M displacement
cell 0 1 0 0 3.7017788594594885 -1
skip M displacement
cell 0 1 0 0 3.7017788594594885 -1
skip M displacement
cell 0 1 0 0 3.7017788594594885 -1
skip M displacement
cell 1 1 1 0.3436821294787783 1.5836441654338991 0.3436821294787783
skip 
cell 1 1 1 3.7116004649818399 2.8955345076447725 0.3436821294787783
skip 
cell 1 1 1 6.73722911506158 7.2486784560444901 0.3436821294787783
skip 
cell 1 1 1 0.35047166769681726 1.4331740201993717 0.3436821294787783
skip 
cell 1 1 1 0.3436821294787783 1.5836441654338991 0.3436821294787783
skip 
cell 0 1 0 0 3.7017788594594885 -1
skip side predicate
cell 0 1 0 0 3.7017788594594885 -1
skip side predicate
cell 0 1 0 0 0 -1
skip state-only kind
cell 0 1 0 0 0 -1
skip state-only kind
cell 0 1 0 0 0 -1
skip state-only kind
cell 0 1 0 0 0 -1
skip state-only kind
cell 0 1 0 0 0 -1
skip state-only kind
cell 1 1 0 0 0 -1
skip state-only kind
cell 1 1 0 0 0 -1
skip state-only kind
cell 0 1 0 0 0 -1
skip state-only kind
cell 0 1 0 0 0 -1
skip state-only kind
cell 0 1 0 0 0 -1
skip state-only kind
cell 0 1 0 0 0 -1
skip state-only kind
cell 1 1 0 0 0 -1
skip state-only kind
cell 1 1 1 9.7956428086419791 0 -1
skip 
cell 1 1 1 9.7956428086419791 0 -1
skip 
cell 1 1 1 9.7956428086419791 0 -1
skip 
cell 1 1 1 9.7956428086419791 0 -1
skip 
cell 0 1 0 0 0 -1
skip state-only kind
cell 0 1 0 0 0 -1
skip state-only kind
cell 0 1 0 0 0 -1
skip state-only kind
cell 0 1 0 0 0 -1
skip state-only kind
cell 0 1 0 0 0 -1
skip state-only kind
cell 1 1 0 0 0 -1
skip state-only kind
cell 0 1 0 0 0 -1
skip state-only kind
cell 0 1 0 0 0 -1
skip state-only kind
cell 0 1 0 0 0 -1
skip state-only kind
cell 0 1 0 0 0 -1
skip state-only kind
cell 0 1 0 0 0 -1
skip state-only kind
cell 0 1 0 0 0 -1
skip state-only kind
cell 0 1 0 0 0 -1
skip state-only kind
cell 0 1 0 0 0 -1
skip state-only kind
cell 1 1 0 0 0 -1
skip state-only kind
cell 1 0 0 0 0 -1
skip state-only kind
cell 0 0 0 0 0 -1
skip state-only kind
cell 0 0 0 0 0 -1
skip state-only kind
cell 1 0 0 0 0 -1
skip state-only kind
cell 0 0 0 0 0 -1
skip state-only kind
cell 0 0 0 0 0 -1
skip state-only kind
cell 1 1 0 0 0 -1
skip state-only kind
cell 0 1 0 0 0 -1
skip state-only kind
cell 0 1 0 0 0 -1
skip state-only kind
cell 1 1 0 0 0 -1
skip state-only kind
cell 0 0 0 0 0 -1
skip state-only kind
cell 1 1 0 0 0 -1
skip state-only kind
cell 0 0 0 0 0 -1
skip state-only kind
cell 0 0 0 0 0 -1
skip state-only kind
cell 1 1 0 0 0 -1
skip state-only kind
cell 0 1 0 0 3.7017788594594885 -1
skip state false
cell 0 1 0 0 3.7017788594594885 -1
skip state false
cell 0 1 0 0 3.7017788594594885 -1
skip state false
cell 0 1 0 0 3.7017788594594885 -1
skip state false
gesture 0 0 0 0 0
rates 1 0.19314087927341461 -25.86599526078059 1 0.16674131155014038 -25.497432935762049
reproducible 1
end
