vorago-sweep-record 2
name Glass Well
takeCount 4
timeline 155 45 7.9949536323547363 160 220 160 220 220 280 280 340 340 397.99495363235474 407.99495363235474 407.99495363235474 0
takes 4
take 12 1 0.40318647027015686 -21.157474709721406 -27.930176563630447 -0.70045041837459365 -173.62199860136056 1 1 1 1
minute 7.0438825677347605 -0.044543326423671203 -5.3224218121187352 -8.5308542560064744 -9.0007895584270372 -13.002985692571791 -14.040226449247406 -14.97868462399493 -15.68125821048957 -0.091166271648149805 -2.0675346340240548 3.0148193836212158 1.416740139431685 4.5758062426547701
minute 7.0164513397886212 -0.12980028979576255 -3.8508312711197754 -6.230701399615926 -8.8905461544039746 -13.552541939488499 -14.808316304272989 -15.845405502793138 -16.556668798278562 -0.19685669709522058 -2.0581101883049366 3.1544499397277832 1.2487708448568073 4.2252840595880636
minute 7.1151124001323662 -0.069440970428506901 -5.0500667319179016 -6.7242097356177624 -8.8098708202684435 -7.8664204970220242 -15.557491305132803 -16.761951637826023 -17.494759449158202 -0.18191145331001032 -2.1264179046572758 3.2876050472259521 1.0417453095428293 3.9925130161925058
take 13 1 0.39569991827011108 -21.041015916449265 -29.545906465572394 2.5661897344191331 -166.14958503339065 1 1 1 1
minute 7.1441643992564901 -0.14508348284558537 -3.488727819976603 -8.0813362641076711 -9.2243676099630765 -14.689031731334996 -16.019619086879565 -17.004692423590576 -17.716273012036126 -0.30755535021083885 -2.1940587753886946 3.2272136211395264 1.2270941537280515 4.313827551194473
minute 6.7731329003246081 -0.39027087706345515 -2.382810916932494 -4.8080839224496419 -7.2808471176071325 -10.996232087741195 -12.46571364516382 -13.418646876812085 -14.12062006501812 -0.070006062832561236 -2.0520612222482804 3.0860061645507812 1.7010918421733354 4.4871988572978756
minute 7.1084815390851723 -0.14142447694264604 -3.5406851751966806 -7.9633487295753245 -8.8105913044980504 -14.118394713440694 -19.626149219036861 -20 -20 -0.1939211872448679 -2.058901761054305 2.8818914890289307 2.3571141130127691 4.1815218639645186
take 14 1 0.31855055689811707 -22.311203679971143 -28.5497764132143 -0.40156698863854601 -186.26345846096643 1 1 1 1
minute 6.8362823349644923 -0.17824110227682391 -3.1614132410542766 -9.7358429049440876 -8.9914405276147935 -15.334978038463394 -18.323231689340748 -20 -20 -0.035609814994706952 -2.0758749313330411 3.1594209671020508 1.403210741100436 4.1685733651106576
minute 7.0818182253704354 -0.14985284015264236 -3.3915760634791874 -9.6846921325643738 -10.24186078646818 -13.213770394450757 -14.488199229703776 -15.44719284931889 -16.152248807247958 0.10156071593231697 -2.1060155081195471 3.2867496013641357 1.2476611402964499 3.9390485839232712
minute 7.2792868557973982 -0.025181024651978134 -6.1016812506311826 -9.4192623658421013 -10.42461149265144 -13.073186481750563 -14.06892803959812 -15.005456770258036 -15.706384158555696 0.014328285644146023 -2.1094750395780015 3.2031950950622559 0.73673100073614661 4.0741176987163401
take 15 1 0.33101674914360046 -21.753855494186286 -31.550004639548948 0.27085317237915518 -177.90363452404037 1 1 1 1
minute 6.952605917929084 -0.16974760337447492 -3.3145003771859507 -7.6944778593331709 -7.9520449872943617 -12.064903761056295 -14.021940501840868 -20 -20 -0.14498890955955185 -2.1170050764531263 3.149345874786377 1.8318340630017551 4.3007869460729582
minute 6.028925262967765 -0.22979160713724883 -2.8783091388404403 -7.6511917261578377 -7.8269784081155835 -11.994481444695701 -14.880199442145143 -18.163779509552665 -18.949160561666556 -0.30693320276669744 -2.0791676976888573 3.1516525745391846 1.6422926094913188 4.4160316415351826
minute 6.8092625382303815 -0.36924087769964348 -2.2354060609659898 -8.192576888806574 -7.0823641594764597 -10.87465046595797 -13.653128610311956 -15.970518949648227 -16.720707702924869 -0.23182430049832872 -2.1651997510524117 3.3604369163513184 1.1893140520734267 4.3874896452417733
mean 6.9324505234651319 -0.17021820656603659 -3.7265358216182687 -7.893048182085078 -8.7113594105657093 -12.565131437331155 -15.162761960222838 -16.883027428649548 -17.424840063781303 -0.13707368738203923 -2.1008185408252107 3.1635655562082925 1.4203000007870843 4.2551832892910326
selfDistance 3.9118513793903311
levelTwinD 8.3209967729888231e-06
storedMacros 0 0
cells 79
cell 1 1 1 0.92386820582105389 7.8237027587806622 -1
skip 
cell 1 1 1 3.3883669658199023 7.8237027587806622 -1
skip 
cell 1 1 1 7.486575185979091 7.8237027587806622 -1
skip 
cell 1 1 1 0.011330120192896307 7.8237027587806622 -1
skip 
cell 1 1 1 2.0959697384573523 7.8237027587806622 -1
skip 
cell 1 1 1 1.3944874114482289 7.8237027587806622 -1
skip 
cell 1 1 1 2.2748942194210673 7.8237027587806622 -1
skip 
cell 1 1 1 0.16194553485315574 7.8237027587806622 -1
skip 
cell 1 1 0 0 7.8237027587806622 -1
skip override equals stored
cell 1 1 1 12.793886823648361 7.8237027587806622 -1
skip 
cell 0 1 0 0 7.8237027587806622 -1
skip M displacement
cell 0 1 0 0 7.8237027587806622 -1
skip M displacement
cell 0 1 0 0 7.8237027587806622 -1
skip M displacement
cell 0 1 0 0 7.8237027587806622 -1
skip M displacement
cell 0 1 0 0 7.8237027587806622 -1
skip M displacement
cell 0 1 0 0 7.8237027587806622 -1
skip M displacement
cell 0 1 0 0 7.8237027587806622 -1
skip M displacement
cell 0 1 0 0 7.8237027587806622 -1
skip M displacement
cell 0 1 0 0 7.8237027587806622 -1
skip M displacement
cell 0 1 0 0 7.8237027587806622 -1
skip M displacement
cell 0 1 0 0 7.8237027587806622 -1
skip M displacement
cell 0 1 0 0 7.8237027587806622 -1
skip M displacement
cell 1 1 1 1.8709981069302348 5.7490208069566933 2.6076177054342211
skip 
cell 1 1 1 1.9509407450416487 7.5886367430543276 2.6076177054342211
skip 
cell 1 1 1 2.623738926963874 4.5150696555028684 2.6076177054342211
skip 
cell 1 1 1 2.6115492200176411 4.4950160838486388 2.6076177054342211
skip 
cell 1 1 1 2.6076177054342211 4.4811383309878465 2.6076177054342211
skip 
cell 0 1 0 0 7.8237027587806622 -1
skip side predicate
cell 0 1 0 0 7.8237027587806622 -1
skip side predicate
cell 1 1 1 6.2513273157460088 7.8237027587806622 -1
skip 
cell 0 1 0 0 0 -1
skip state-only kind
cell 0 1 0 0 0 -1
skip state-only kind
cell 0 1 0 0 0 -1
skip state-only kind
cell 0 1 0 0 0 -1
skip state-only kind
cell 0 1 0 0 0 -1
skip state-only kind
cell 0 1 0 0 0 -1
skip state-only kind
cell 0 1 0 0 0 -1
skip state-only kind
cell 0 1 0 0 0 -1
skip state-only kind
cell 0 1 0 0 0 -1
skip state-only kind
cell 0 1 0 0 0 -1
skip state-only kind
cell 0 1 0 0 0 -1
skip state-only kind
cell 1 0 1 0.92386820582105389 0 -1
skip 
cell 1 0 1 0.92386820582105389 0 -1
skip 
cell 1 0 1 0.92386820582105389 0 -1
skip 
cell 1 0 1 0.92386820582105389 0 -1
skip 
cell 0 0 0 0 0 -1
skip state-only kind
cell 0 0 0 0 0 -1
skip state-only kind
cell 0 0 0 0 0 -1
skip state-only kind
cell 0 0 0 0 0 -1
skip state-only kind
cell 0 0 0 0 0 -1
skip state-only kind
cell 1 0 0 0 0 -1
skip state-only kind
cell 0 0 0 0 0 -1
skip state-only kind
cell 0 0 0 0 0 -1
skip state-only kind
cell 0 0 0 0 0 -1
skip state-only kind
cell 0 0 0 0 0 -1
skip state-only kind
cell 0 0 0 0 0 -1
skip state-only kind
cell 0 0 0 0 0 -1
skip state-only kind
cell 0 1 0 0 0 -1
skip state-only kind
cell 0 1 0 0 0 -1
skip state-only kind
cell 1 1 0 0 0 -1
skip state-only kind
cell 1 0 0 0 0 -1
skip state-only kind
cell 0 0 0 0 0 -1
skip state-only kind
cell 0 0 0 0 0 -1
skip state-only kind
cell 1 1 0 0 0 -1
skip state-only kind
cell 0 1 0 0 0 -1
skip state-only kind
cell 0 1 0 0 0 -1
skip state-only kind
cell 1 1 0 0 0 -1
skip state-only kind
cell 0 1 0 0 0 -1
skip state-only kind
cell 0 1 0 0 0 -1
skip state-only kind
cell 1 1 0 0 0 -1
skip state-only kind
cell 0 0 0 0 0 -1
skip state-only kind
cell 1 1 0 0 0 -1
skip state-only kind
cell 0 0 0 0 0 -1
skip state-only kind
cell 0 0 0 0 0 -1
skip state-only kind
cell 1 1 0 0 0 -1
skip state-only kind
cell 0 1 0 0 7.8237027587806622 -1
skip state false
cell 0 1 0 0 7.8237027587806622 -1
skip state false
cell 0 1 0 0 7.8237027587806622 -1
skip state false
cell 0 1 0 0 7.8237027587806622 -1
skip state false
gesture 0 0 0 0 0
rates 1 0.30591678619384766 -21.96321608220622 1 0.27483639121055603 -22.997419528507116
reproducible 1
end
