vorago-sweep-record 2
name Feeding Loops
takeCount 4
timeline 155 45 4.0000028610229492 160 220 160 220 220 280 280 340 340 394.00000286102295 404.00000286102295 404.00000286102295 0
takes 4
take 8 1 0.19659519195556641 -25.64749265761311 -40.615364929949401 4.6346969528366593 -206.85851539976053 1 1 1 1
minute 6.8937522112738225 -0.027667214181560002 -7.1301760057678312 -6.473658082342614 -12.073762196267126 -18.443316730492612 -19.669742617555759 -20 -20 0.25250404915049279 -2.0009058485378319 3.2491729259490967 1.3523206977435851 4.2804933778945919
minute 6.9020352106364768 -0.079548567272442 -5.0813288340696676 -5.4523554424184342 -11.575610323432516 -14.293456957210918 -15.289933249421871 -16.214333141942795 -16.91408127229893 0.29144894763019147 -1.974252987203406 3.199357271194458 1.9838503064841764 4.0745026310094206
minute 7.0924674854216239 -0.063122807894200619 -6.4667455231056508 -5.020798329658291 -16.787203412271079 -18.637258141124832 -19.655689952029718 -20 -20 0.16651496468322535 -2.1039905536220633 3.3011898994445801 1.1846519577071748 3.7967398746589218
take 9 1 0.17693108320236206 -26.077414720742503 -36.770808514429312 -4.3015022977982156 -201.7961483316675 1 1 1 1
minute 7.0483099495853381 -0.026798396599986063 -6.375098279348042 -7.4154997307658634 -12.802791009098058 -18.464958035242269 -20 -20 -20 0.22982278519122412 -2.1008329666002501 3.2171871662139893 1.5611995061701296 4.3113521178589895
minute 6.6968737772821507 -0.092143388373706614 -5.5588923751274368 -4.6616365246972551 -12.448577855062869 -15.643127818301412 -16.674552775868381 -17.597800243795234 -18.297072206263966 0.31864533995039063 -1.9501604205860592 3.1834189891815186 0.96432001662730982 3.8990600084411824
minute 6.9177219280873929 -0.081514405366467216 -5.9342959685361851 -4.7456410441933059 -11.338940947769325 -14.639401780104709 -15.825831793759074 -16.749535940670288 -17.449328720738883 0.30006928142257627 -1.9379156113020264 3.1636099815368652 1.4502336939903189 5.0258346454955962
take 10 1 0.18297877907752991 -26.350344037011553 -37.932016862400275 2.0182251617248532 -187.17217291033631 1 1 1 1
minute 6.7556889418986135 -0.075735564212917453 -4.4571867627768116 -8.0110569234953672 -10.727814409877938 -12.263506276182072 -13.244876396389687 -14.16740374735944 -14.866618078202798 0.41787476122645756 -1.8641090916654821 3.0874111652374268 2.0288832401175583 4.9961875446757142
minute 6.7247516699682652 -0.065230537957380832 -4.5632319043284015 -9.8982780133853243 -12.166255150224844 -19.102421160714425 -20 -20 -20 0.41392619820643539 -1.8428690679332969 3.070549488067627 1.0144953483925827 4.0514923814978232
minute 6.7281096411262542 -0.30230819120307473 -2.439693640796456 -8.853692501169018 -10.699104538156327 -12.980323921991708 -13.963252127660574 -14.886421372035368 -15.585732719252805 0.29253100751446265 -2.0222430223960983 3.2595648765563965 0.92873520831629508 4.3284763826963903
take 11 1 0.20278802514076233 -25.148130242148351 -35.573837570648017 0.29788169478441873 -188.50688915996983 1 1 1 1
minute 6.0281712442895001 -0.18986066541189928 -3.1448442125042697 -6.8288429304606808 -14.547753259857695 -16.282989090424412 -17.26406902120198 -18.186550505011922 -18.8857693580591 0.3126954890857026 -1.9920279796696794 3.2207210063934326 1.2136876467379099 4.3827662664845715
minute 5.6342321211206716 -0.080384120510868698 -4.2835049756519226 -8.9442245999730829 -14.672553782867855 -16.201781538644212 -17.185707185576113 -18.10933689110508 -18.808816423004501 0.22097287452686515 -1.9680203694204712 3.2448570728302002 1.0425607615625136 3.7397597095812607
minute 6.5713522880002246 -0.065195289202099119 -4.891282262144891 -6.6926764098112557 -13.906832727214141 -15.082512430892663 -16.065423552516425 -16.988495920389685 -17.687728401419552 0.3672608438249837 -1.9029603983997672 3.1353495121002197 2.1504273080772913 5.130770989177222
mean 6.6661222057241947 -0.095792429015550198 -5.0271900620131298 -6.9165300443642064 -12.812266634341649 -16.002921156777184 -17.069923222664965 -17.741656480192482 -18.207928931603377 0.29868887853441728 -1.9716906931113691 3.1943657795588174 1.406280474327237 4.3347863274559737
selfDistance 2.2737757931074625
levelTwinD 3.5624231279904036e-06
storedMacros 0 0
cells 79
cell 1 1 1 0.17532185327673733 4.5475515862149249 -1
skip 
cell 1 1 1 1.8371733222002931 4.5475515862149249 -1
skip 
cell 1 1 1 3.7393992798876017 4.5475515862149249 -1
skip 
cell 1 1 1 2.8908284914035822 4.5475515862149249 -1
skip 
cell 1 1 1 2.5725002553354051 4.5475515862149249 -1
skip 
cell 1 1 1 0.0073699609246915109 4.5475515862149249 -1
skip 
cell 1 1 1 3.2177700649282035 4.5475515862149249 -1
skip 
cell 1 1 1 0.60117159621217053 4.5475515862149249 -1
skip 
cell 1 1 1 0.94063086247500238 4.5475515862149249 -1
skip 
cell 1 1 1 11.069657049365787 4.5475515862149249 -1
skip 
cell 0 1 0 0 4.5475515862149249 -1
skip M displacement
cell 0 1 0 0 4.5475515862149249 -1
skip M displacement
cell 0 1 0 0 4.5475515862149249 -1
skip M displacement
cell 0 1 0 0 4.5475515862149249 -1
skip M displacement
cell 0 1 0 0 4.5475515862149249 -1
skip M displacement
cell 0 1 0 0 4.5475515862149249 -1
skip M displacement
cell 0 1 0 0 4.5475515862149249 -1
skip M displacement
cell 0 1 0 0 4.5475515862149249 -1
skip M displacement
cell 0 1 0 0 4.5475515862149249 -1
skip M displacement
cell 0 1 0 0 4.5475515862149249 -1
skip M displacement
cell 0 1 0 0 4.5475515862149249 -1
skip M displacement
cell 0 1 0 0 4.5475515862149249 -1
skip M displacement
cell 1 1 1 0.99314482723462183 4.1996319928740595 0.98511809982758025
skip 
cell 1 1 1 1.0183124371504866 2.1508689710230491 0.98511809982758025
skip 
cell 1 1 1 0.97481235697139523 4.0488615956819469 0.98511809982758025
skip 
cell 1 1 1 2.9182386549408381 1.9737825374847742 0.98511809982758025
skip 
cell 1 1 1 1.4520047138485574 1.1221308385052184 0.98511809982758025
skip 
cell 0 1 0 0 4.5475515862149249 -1
skip side predicate
cell 0 1 0 0 4.5475515862149249 -1
skip side predicate
cell 0 1 0 0 0 -1
skip state-only kind
cell 0 1 0 0 0 -1
skip state-only kind
cell 0 1 0 0 0 -1
skip state-only kind
cell 0 1 0 0 0 -1
skip state-only kind
cell 0 1 0 0 0 -1
skip state-only kind
cell 1 1 0 0 0 -1
skip state-only kind
cell 1 1 0 0 0 -1
skip state-only kind
cell 0 1 0 0 0 -1
skip state-only kind
cell 0 1 0 0 0 -1
skip state-only kind
cell 0 1 0 0 0 -1
skip state-only kind
cell 0 1 0 0 0 -1
skip state-only kind
cell 1 1 0 0 0 -1
skip state-only kind
cell 1 0 1 0.17532185327673733 0 -1
skip 
cell 1 0 1 0.17532185327673733 0 -1
skip 
cell 1 0 1 0.17532185327673733 0 -1
skip 
cell 1 0 1 0.17532185327673733 0 -1
skip 
cell 0 0 0 0 0 -1
skip state-only kind
cell 0 0 0 0 0 -1
skip state-only kind
cell 0 0 0 0 0 -1
skip state-only kind
cell 0 0 0 0 0 -1
skip state-only kind
cell 0 0 0 0 0 -1
skip state-only kind
cell 1 0 0 0 0 -1
skip state-only kind
cell 0 0 0 0 0 -1
skip state-only kind
cell 0 0 0 0 0 -1
skip state-only kind
cell 0 0 0 0 0 -1
skip state-only kind
cell 0 0 0 0 0 -1
skip state-only kind
cell 0 0 0 0 0 -1
skip state-only kind
cell 0 0 0 0 0 -1
skip state-only kind
cell 0 1 0 0 0 -1
skip state-only kind
cell 0 1 0 0 0 -1
skip state-only kind
cell 1 1 0 0 0 -1
skip state-only kind
cell 1 1 0 0 0 -1
skip state-only kind
cell 1 1 0 0 0 -1
skip state-only kind
cell 0 1 0 0 0 -1
skip state-only kind
cell 1 1 0 0 0 -1
skip state-only kind
cell 0 1 0 0 0 -1
skip state-only kind
cell 0 1 0 0 0 -1
skip state-only kind
cell 1 1 0 0 0 -1
skip state-only kind
cell 0 1 0 0 0 -1
skip state-only kind
cell 0 1 0 0 0 -1
skip state-only kind
cell 1 1 0 0 0 -1
skip state-only kind
cell 0 0 0 0 0 -1
skip state-only kind
cell 1 1 0 0 0 -1
skip state-only kind
cell 0 0 0 0 0 -1
skip state-only kind
cell 0 0 0 0 0 -1
skip state-only kind
cell 1 1 0 0 0 -1
skip state-only kind
cell 0 1 0 0 4.5475515862149249 -1
skip state false
cell 0 1 0 0 4.5475515862149249 -1
skip state false
cell 0 1 0 0 4.5475515862149249 -1
skip state false
cell 0 1 0 0 4.5475515862149249 -1
skip state false
gesture 0 0 0 0 0
rates 1 0.16885226964950562 -26.287086015331834 1 0.1463775634765625 -27.256445933891523
reproducible 1
end
