vorago-sweep-record 2
name Resonant Shaft
takeCount 4
timeline 155 45 37.499992370605469 160 220 160 220 220 280 280 340 340 427.49999237060547 437.49999237060547 437.49999237060547 0
takes 4
take 3 1 0.96605086326599121 -10.20311965698003 -25.956276206003714 7.3975696479813884 -207.43053462541968 1 1 1 1
minute 0.86370844127733426 -0.091062775562506929 -4.3041816456713109 -7.0701434072431981 -8.8987457998754937 -13.322436077599813 -15.828578373696629 -19.415368897014154 -20 -0.72041447087384902 -1.5570419024168536 3.14947509765625 1.0512755437394785 4.0876683294307563
minute 3.7230821441987292 -1.2396713872667793 -2.4073398277438329 -4.2653359852216015 -1.6009581726226187 -8.9624222467745316 -12.278011363875928 -18.108232724493533 -19.098911772195645 -0.25900377019355875 -1.449493383152568 3.061244010925293 1.6639197274605928 4.6685042010006308
minute 1.2116959810465791 -1.3269572048372567 -2.7034076104499292 -1.3225431904620053 -4.5285658909447726 -10.631071864916972 -13.524106928563047 -19.329786108371593 -20 -0.36776960574332157 -1.4912969225132051 3.0618596076965332 1.2053243843321193 4.7404940376308877
take 4 1 0.96605092287063599 -6.8873908363642533 -13.97752973247613 -0.4575609952705797 -217.49391209101924 1 1 1 1
minute 3.7772264266621907 -0.88915458509078127 -1.572068099056531 -3.2622680883614024 -6.0007368574448225 -11.199977320925939 -14.861779055839264 -18.212348141889585 -20 -0.16944489861457235 -1.5863895789545204 3.3804471492767334 1.3724564753389235 3.1639140426364691
minute 2.9854161488451703 -0.8732081216609231 -1.6386260184504651 -3.1456564861959615 -5.958982332157615 -11.579840720440368 -14.802077595172507 -17.817998056562185 -20 0.309651491378098 -1.3668905708814982 2.9173712730407715 0.88933818713856772 2.8342128816500307
minute 3.0731954985444112 -0.32376374194276752 -3.1211264906394973 -3.8434274039855296 -6.1659720502375608 -12.719624734412523 -15.595965309739364 -17.680784271573081 -18.742409724028427 -0.09348731716462487 -1.4293340182316467 2.9746699333190918 1.2299219143289719 3.3172936688671233
take 5 1 0.96605092287063599 -7.9689471595668788 -22.368217147736374 -1.4317296937731374 -214.904307816135 1 1 1 1
minute -0.59189938701453926 -1.4431393568940991 -0.74958431463123643 -5.8375004668146353 -5.8697679687754594 -14.044882612412511 -17.737373592146973 -20 -20 -0.31197033228896964 -1.3576080228123639 2.4014871120452881 0.6609126695222054 4.3796323351951703
minute 0.90628931289943004 -1.4546306962223738 -0.81711269657563901 -4.7678749539420124 -5.1780498053654895 -13.148064516666022 -16.227584086369639 -20 -20 -0.43616751992689656 -1.3907658962262859 2.5415539741516113 0.79098099003221811 4.3164033237324704
minute 1.816900403757709 -1.4664919696291179 -1.2732619271966759 -2.6061820901037684 -4.1689784124059388 -11.039914030283818 -15.664339025732696 -20 -20 -0.56316187806438478 -1.4638735324525269 2.8018386363983154 1.7174034647485841 4.7124379443564735
take 6 1 0.96605092287063599 -8.6245948318291692 -21.854965266420127 -2.6535486515972888 -216.59786650923257 1 1 1 1
minute -1.4619301452486682 -0.83350991292512033 -1.2380897034398317 -6.6429464969781025 -8.805200587178831 -13.513072003832258 -16.771271711016098 -19.734234861320701 -20 0.29425157505041255 -1.3812859168504106 2.8188841342926025 0.98116784971823723 3.8243697235766385
minute -1.5039690649567898 -2.6424570417801938 -0.39489951314140487 -3.7756285171754067 -8.0729255365530754 -13.177904354218779 -16.501835048735991 -19.711047545278277 -20 0.37390561157684021 -1.294626104423555 2.3139045238494873 0.93919044607716351 3.4712379173171506
minute -0.43171725072771194 -2.7710653460976378 -0.32089642584819283 -4.3959788807715423 -8.2607445191969777 -15.055058006317786 -18.375214515044689 -20 -20 -0.14173679715061713 -1.4297729253604934 2.7845733165740967 1.9342152378978432 4.5542998455071864
mean 1.197333209106987 -1.2795926783257963 -1.7117161894037118 -4.2446238306045974 -6.1258023277298879 -12.366189040733442 -15.6806780504944 -19.167483383875258 -19.820110124685339 -0.17377899266795363 -1.4331982311896605 2.8506090641021729 1.2030089075279085 4.0058723542417489
selfDistance 3.6539889081953389
levelTwinD 1.5900495431908459e-06
storedMacros 0 0
cells 79
cell 1 1 1 0.22177503721076397 7.3079778163906779 -1
skip 
cell 1 1 1 7.2935611372780507 7.3079778163906779 -1
skip 
cell 1 1 1 0.39033504743816722 7.3079778163906779 -1
skip 
cell 1 1 1 0.15650531363401285 7.3079778163906779 -1
skip 
cell 1 1 1 0.22079177133336672 7.3079778163906779 -1
skip 
cell 1 1 0 0 7.3079778163906779 -1
skip override equals stored
cell 1 1 1 4.1481761286624881 7.3079778163906779 -1
skip 
cell 1 1 1 3.4297425651074538 7.3079778163906779 -1
skip 
cell 1 1 1 1.122619640704241 7.3079778163906779 -1
skip 
cell 1 1 1 0.29255142319523725 7.3079778163906779 -1
skip 
cell 0 1 0 0 7.3079778163906779 -1
skip M displacement
cell 0 1 0 0 7.3079778163906779 -1
skip M displacement
cell 0 1 0 0 7.3079778163906779 -1
skip M displacement
cell 0 1 0 0 7.3079778163906779 -1
skip M displacement
cell 0 1 0 0 7.3079778163906779 -1
skip M displacement
cell 0 1 0 0 7.3079778163906779 -1
skip M displacement
cell 0 1 0 0 7.3079778163906779 -1
skip M displacement
cell 0 1 0 0 7.3079778163906779 -1
skip M displacement
cell 0 1 0 0 7.3079778163906779 -1
skip M displacement
cell 0 1 0 0 7.3079778163906779 -1
skip M displacement
cell 0 1 0 0 7.3079778163906779 -1
skip M displacement
cell 0 1 0 0 7.3079778163906779 -1
skip M displacement
cell 1 1 1 6.0960582174827378 4.5733163011192328 6.0960582174827378
skip 
cell 1 1 1 3.7895594643628256 12.795344795175641 6.0960582174827378
skip 
cell 1 1 1 6.0765460896204297 4.5394949582278086 6.0960582174827378
skip 
cell 1 1 1 6.0927632501597397 4.5945156719977884 6.0960582174827378
skip 
cell 1 1 1 6.3040649154504731 4.1070527234944825 6.0960582174827378
skip 
cell 0 1 0 0 7.3079778163906779 -1
skip side predicate
cell 0 1 0 0 7.3079778163906779 -1
skip side predicate
cell 0 0 0 0 0 -1
skip state-only kind
cell 0 0 0 0 0 -1
skip state-only kind
cell 0 0 0 0 0 -1
skip state-only kind
cell 0 0 0 0 0 -1
skip state-only kind
cell 0 0 0 0 0 -1
skip state-only kind
cell 1 0 0 0 0 -1
skip state-only kind
cell 1 0 0 0 0 -1
skip state-only kind
cell 0 0 0 0 0 -1
skip state-only kind
cell 0 0 0 0 0 -1
skip state-only kind
cell 0 0 0 0 0 -1
skip state-only kind
cell 0 0 0 0 0 -1
skip state-only kind
cell 1 0 0 0 0 -1
skip state-only kind
cell 1 0 1 0.22177503721076397 0 -1
skip 
cell 1 0 1 0.22177503721076397 0 -1
skip 
cell 1 0 1 0.22177503721076397 0 -1
skip 
cell 1 0 1 0.22177503721076397 0 -1
skip 
cell 0 0 0 0 0 -1
skip state-only kind
cell 0 0 0 0 0 -1
skip state-only kind
cell 0 0 0 0 0 -1
skip state-only kind
cell 0 0 0 0 0 -1
skip state-only kind
cell 0 0 0 0 0 -1
skip state-only kind
cell 1 0 0 0 0 -1
skip state-only kind
cell 0 0 0 0 0 -1
skip state-only kind
cell 0 0 0 0 0 -1
skip state-only kind
cell 0 0 0 0 0 -1
skip state-only kind
cell 0 0 0 0 0 -1
skip state-only kind
cell 0 0 0 0 0 -1
skip state-only kind
cell 0 0 0 0 0 -1
skip state-only kind
cell 0 1 0 0 0 -1
skip state-only kind
cell 1 1 0 0 0 -1
skip state-only kind
cell 0 1 0 0 0 -1
skip state-only kind
cell 1 0 0 0 0 -1
skip state-only kind
cell 0 0 0 0 0 -1
skip state-only kind
cell 0 0 0 0 0 -1
skip state-only kind
cell 1 0 0 0 0 -1
skip state-only kind
cell 0 0 0 0 0 -1
skip state-only kind
cell 0 0 0 0 0 -1
skip state-only kind
cell 1 1 0 0 0 -1
skip state-only kind
cell 0 1 0 0 0 -1
skip state-only kind
cell 0 1 0 0 0 -1
skip state-only kind
cell 1 1 0 0 0 -1
skip state-only kind
cell 0 0 0 0 0 -1
skip state-only kind
cell 1 1 0 0 0 -1
skip state-only kind
cell 0 0 0 0 0 -1
skip state-only kind
cell 0 0 0 0 0 -1
skip state-only kind
cell 1 1 0 0 0 -1
skip state-only kind
cell 0 1 0 0 7.3079778163906779 -1
skip state false
cell 0 1 0 0 7.3079778163906779 -1
skip state false
cell 0 1 0 0 7.3079778163906779 -1
skip state false
cell 0 1 0 0 7.3079778163906779 -1
skip state false
gesture 0 0 0 0 0
rates 1 0.74282991886138916 -14.038987013163267 1 0.78907942771911621 -13.741008259233778
reproducible 1
end
