vorago-sweep-record 2
name Swarm Breath
takeCount 4
timeline 155 45 2.1024436950683594 160 220 160 220 220 280 280 340 340 392.10244369506836 402.10244369506836 402.10244369506836 0
takes 4
take 5 1 0.5477861762046814 -18.07647577448186 -24.312780936690697 0.73546803259243987 -120.53678042559112 1 1 1 1
minute 6.533988243084754 -0.0069855560486615786 -7.7622165983831923 -13.248591625522049 -16.428247030336692 -18.705414126521866 -20 -20 -20 0.31950045673798072 -2.0721013136902373 2.6222472190856934 1.0073497907384381 3.4935133025566225
minute 6.067418250389176 -0.0086154562921668294 -7.5146488024464064 -11.838411486823279 -14.221527687778309 -15.863837286380335 -17.015014168727618 -17.962826569706458 -18.66012806733869 0.19349689584912846 -1.8669928512376641 2.4916980266571045 1.3748734609077906 3.7989558790163493
minute 6.8065614944442752 -0.0026569339818938902 -9.1550515932983192 -14.867030333752854 -17.58259754834971 -20 -20 -20 -20 0.51849642857759426 -2.1129876289583969 2.6437687873840332 0.90858096114619058 3.5277419810555211
take 6 1 0.49861994385719299 -18.854221328523582 -24.556073763223655 1.3293671861149257 -118.75653512806355 1 1 1 1
minute 6.1367928355838588 -0.098005803047231638 -3.9556335142858146 -12.036656161135312 -13.634410505572413 -14.733288824954101 -15.719022544750757 -16.642898428003253 -17.342019017475934 0.36479993766053809 -1.8353858041511204 2.5587503910064697 1.3339650071889086 4.1018000599857398
minute 5.9034075742814824 -0.043475514648423065 -5.1010654007695848 -13.651212724891398 -16.600549280130796 -18.755008520607873 -19.988198442600297 -20 -20 0.32443868300896933 -1.9876752570160696 2.6064817905426025 0.9584552478874333 3.7290573384306058
minute 5.7449354070358334 -0.047561150844532087 -5.0066876518274626 -10.664998416939245 -12.946216764239072 -14.579224121292654 -15.602627542045454 -16.533292133855163 -17.232033751188926 0.2308699320917762 -1.8643140184759837 2.6024322509765625 1.7008203336311436 3.8608725110376825
take 7 1 0.4929412305355072 -17.616754150592978 -24.162327556777793 -2.7822499539745955 -135.1771774927366 1 1 1 1
minute 6.7164971602148231 -0.0033943276632678967 -8.9099834361223813 -12.997385050419791 -14.386664728312081 -15.469505680168014 -16.458175265688027 -17.382284907151654 -18.081065758467936 0.47460063279879666 -2.123290518075446 2.6466183662414551 0.76966242184826816 3.3125295506048369
minute 6.4733644463503843 -0.0068687136866453589 -7.9436453136747023 -11.594316495476818 -12.869114604173706 -13.976167720632546 -14.966652164719747 -15.889829580557214 -16.588834572229914 0.30158910538386896 -2.0539086577641008 2.5838954448699951 1.244432487027888 3.5356686737847252
minute 5.0436228902489697 -0.0031040169263647499 -8.9756595482894284 -13.483097498603772 -15.994763852942469 -18.098940622508582 -19.287971428569776 -20 -20 0.29732998664187549 -2.0713761723184771 2.6538023948669434 1.3254289380929083 4.0175508702019815
take 8 1 0.58552658557891846 -17.780219324276803 -24.251391498921905 -0.14372497322099065 -118.85181494920987 1 1 1 1
minute 5.760889108460213 -0.0033625953913301032 -9.0054778249753795 -12.444464850834255 -13.716737301592492 -14.789650875151574 -15.776094072351089 -16.701059894832895 -17.399402181310979 0.32904471044957717 -2.0560600992900859 2.6169106960296631 1.1011831014136686 3.8098735330186182
minute 4.9233060719494022 -0.006389075289590096 -7.8967301950715694 -13.153482523494329 -16.519120303747268 -18.898666394632201 -20 -20 -20 0.12917776553334179 -1.9962265440289118 2.6902580261230469 1.130643738877241 4.1372881542526283
minute 5.8987171501564983 -0.0081469493744658426 -7.5669651180945952 -12.524477219183566 -14.75663357606569 -16.00876239073806 -17.003776655604163 -17.928701659555177 -18.627864977963529 0.23805827070482008 -2.0597243037489479 2.6561849117279053 1.5774037186173087 3.8486675953376417
mean 6.0007917193499729 -0.019880507766214424 -7.3994804164365693 -12.708677032256389 -14.971381931936723 -16.656538880298985 -17.651461023754742 -18.253407764471817 -18.660945693831327 0.31011690045318896 -2.0083369307296199 2.6144206921259561 1.2027332672814324 3.764459954106913
selfDistance 2.2344202972016167
levelTwinD 2.4052557950007464e-05
storedMacros 0 0
cells 79
cell 1 1 1 2.4387003470498914 4.4688405944032334 -1
skip 
cell 1 1 1 3.1161245646775537 4.4688405944032334 -1
skip 
cell 1 1 1 3.9675474215939825 4.4688405944032334 -1
skip 
cell 1 1 1 0.0022169669029845759 4.4688405944032334 -1
skip 
cell 1 1 1 2.4508050919129518 4.4688405944032334 -1
skip 
cell 1 1 0 0 4.4688405944032334 -1
skip override equals stored
cell 1 1 1 5.2581375742332757 4.4688405944032334 -1
skip 
cell 1 1 1 0.59865778974413086 4.4688405944032334 -1
skip 
cell 1 1 1 0.62792844646785084 4.4688405944032334 -1
skip 
cell 1 1 1 12.914566262075324 4.4688405944032334 -1
skip 
cell 0 1 0 0 4.4688405944032334 -1
skip M displacement
cell 0 1 0 0 4.4688405944032334 -1
skip M displacement
cell 0 1 0 0 4.4688405944032334 -1
skip M displacement
cell 0 1 0 0 4.4688405944032334 -1
skip M displacement
cell 0 1 0 0 4.4688405944032334 -1
skip M displacement
cell 0 1 0 0 4.4688405944032334 -1
skip M displacement
cell 0 1 0 0 4.4688405944032334 -1
skip M displacement
cell 0 1 0 0 4.4688405944032334 -1
skip M displacement
cell 0 1 0 0 4.4688405944032334 -1
skip M displacement
cell 0 1 0 0 4.4688405944032334 -1
skip M displacement
cell 0 1 0 0 4.4688405944032334 -1
skip M displacement
cell 0 1 0 0 4.4688405944032334 -1
skip M displacement
cell 1 1 1 0.97603413122009275 8.2680914630681084 0.97603413122009275
skip 
cell 1 1 1 2.144688162515989 7.4359172557140543 0.97603413122009275
skip 
cell 1 1 1 4.2218520771191397 4.558826428636098 0.97603413122009275
skip 
cell 1 1 1 0.97716678392341239 8.2410556123938044 0.97603413122009275
skip 
cell 1 1 1 2.1566275212134327 6.8687176093483453 0.97603413122009275
skip 
cell 0 1 0 0 4.4688405944032334 -1
skip side predicate
cell 0 1 0 0 4.4688405944032334 -1
skip side predicate
cell 0 1 0 0 0 -1
skip state-only kind
cell 0 1 0 0 0 -1
skip state-only kind
cell 0 1 0 0 0 -1
skip state-only kind
cell 0 1 0 0 0 -1
skip state-only kind
cell 0 1 0 0 0 -1
skip state-only kind
cell 1 1 0 0 0 -1
skip state-only kind
cell 1 1 0 0 0 -1
skip state-only kind
cell 0 1 0 0 0 -1
skip state-only kind
cell 0 1 0 0 0 -1
skip state-only kind
cell 0 1 0 0 0 -1
skip state-only kind
cell 0 1 0 0 0 -1
skip state-only kind
cell 1 1 0 0 0 -1
skip state-only kind
cell 1 1 1 2.4387003470498914 0 -1
skip 
cell 0 1 1 2.4387003470498914 0 -1
skip 
cell 0 1 1 2.4387003470498914 0 -1
skip 
cell 1 1 1 2.4387003470498914 0 -1
skip 
cell 0 1 0 0 0 -1
skip state-only kind
cell 0 1 0 0 0 -1
skip state-only kind
cell 0 1 0 0 0 -1
skip state-only kind
cell 0 1 0 0 0 -1
skip state-only kind
cell 0 1 0 0 0 -1
skip state-only kind
cell 0 1 0 0 0 -1
skip state-only kind
cell 1 1 0 0 0 -1
skip state-only kind
cell 1 1 0 0 0 -1
skip state-only kind
cell 1 1 0 0 0 -1
skip state-only kind
cell 0 1 0 0 0 -1
skip state-only kind
cell 0 1 0 0 0 -1
skip state-only kind
cell 0 1 0 0 0 -1
skip state-only kind
cell 0 1 0 0 0 -1
skip state-only kind
cell 0 1 0 0 0 -1
skip state-only kind
cell 1 1 0 0 0 -1
skip state-only kind
cell 1 0 0 0 0 -1
skip state-only kind
cell 0 0 0 0 0 -1
skip state-only kind
cell 0 0 0 0 0 -1
skip state-only kind
cell 1 1 0 0 0 -1
skip state-only kind
cell 0 1 0 0 0 -1
skip state-only kind
cell 0 1 0 0 0 -1
skip state-only kind
cell 1 1 0 0 0 -1
skip state-only kind
cell 0 1 0 0 0 -1
skip state-only kind
cell 0 1 0 0 0 -1
skip state-only kind
cell 1 1 0 0 0 -1
skip state-only kind
cell 0 0 0 0 0 -1
skip state-only kind
cell 1 1 0 0 0 -1
skip state-only kind
cell 0 0 0 0 0 -1
skip state-only kind
cell 0 0 0 0 0 -1
skip state-only kind
cell 1 1 0 0 0 -1
skip state-only kind
cell 0 1 0 0 4.4688405944032334 -1
skip state false
cell 0 1 0 0 4.4688405944032334 -1
skip state false
cell 0 1 0 0 4.4688405944032334 -1
skip state false
cell 0 1 0 0 4.4688405944032334 -1
skip state false
gesture 0 0 0 0 0
rates 1 0.48812907934188843 -18.168109437067521 1 0.44693294167518616 -18.237921064778828
reproducible 1
end
