vorago-sweep-record 2
name Monolith
takeCount 4
timeline 155 45 20 160 220 160 220 220 280 280 340 340 410 420 420 0
takes 4
take 4 1 0.96605092287063599 -7.4386928751926256 -12.352202940425999 1.8033565320851981 -210.55217930924212 1 1 1 1
minute 5.7003641457090568 -0.051038033257382168 -4.897898991751255 -11.23590899219562 -12.803724903688236 -13.828716412806866 -14.809072534606038 -15.731322430901752 -16.430452619871851 -0.065971813197465631 -2.2611561887796801 3.6991586685180664 0.68590459872567544 2.7519350437395396
minute 5.607692287995854 -0.024194833699847131 -5.9413471788033236 -14.013927070372123 -17.442841416214126 -19.971437562633831 -20 -20 -20 1.4710306427026814 -2.1084941236977124 3.6498627662658691 0.23913063694782533 2.3412741206733179
minute 5.6251604113423541 -0.024808258256004002 -5.9144289995481047 -12.659356502529365 -16.162770602307653 -19.032401347454552 -20 -20 -20 1.4057473205451487 -2.1356648788129995 3.6579535007476807 0.21464530380197758 2.303765722639938
take 5 1 0.96605092287063599 -7.3766549378395698 -9.0314459160944871 -0.076983140258706229 -209.87550259239896 1 1 1 1
minute 5.6660533143754144 -0.024336596142547979 -5.9498905779077536 -12.765113237019019 -14.00667449039009 -15.219029785834424 -16.209952600651913 -17.134636507276348 -17.834277673380548 0.96053648559922056 -2.1277995319512222 3.639700174331665 0.3867294806981304 2.486738454070784
minute 5.5767647434338752 -0.023604300507136834 -5.9761033933508161 -14.551640189964033 -16.601912262114173 -18.135844645813325 -19.21966939064496 -20 -20 1.2349190799947529 -2.1000711449988838 3.6388897895812988 0.37367955836286504 2.4212479375599214
minute 5.5980334634733513 -0.024200538132562361 -5.9408460377025207 -14.572705749903626 -16.155767173910885 -17.40548434877952 -18.421903536513597 -19.352859549819591 -20 0.98011824949446569 -2.1731587195071831 3.6637527942657471 0.37147580867965047 2.4034574421470749
take 6 1 0.96605092287063599 -7.5946513343336992 -14.12244633531609 -0.387966063313538 -181.81913212901202 1 1 1 1
minute 5.6021420804165238 -0.023671885019523366 -5.9860549528461506 -13.039517880660028 -14.365635847639698 -15.438806823582709 -16.432688748603841 -17.358128385528847 -18.057915895024507 0.95413188218017764 -2.1452618906685537 3.6635329723358154 0.60905535759778351 2.7264806434937716
minute 5.6254077354756875 -0.0234923150145138 -5.9800907149788696 -15.456738306275582 -18.206882661944523 -19.864692862390577 -20 -20 -20 0.5141521027506496 -2.0870908636126031 3.65594482421875 1.250697913366871 2.9304083006664614
minute 5.577561144331959 -0.025635424210835346 -5.8603623411644792 -13.828734159136399 -16.144904012754282 -16.764582929825949 -18.919765664112518 -19.854961447916075 -20 0.50737393628251448 -2.1078726618573138 3.6784367561340332 1.2733962200521083 2.7872127304959045
take 7 1 0.96605092287063599 -7.5114198774000691 -10.171801889587543 -0.4706404806008031 -195.40157794579173 1 1 1 1
minute 5.6617881906554288 -0.024367049756184162 -5.9522712915420559 -12.432453002601223 -13.957365337846674 -15.029908216738015 -16.026258023223619 -16.952358458744339 -17.652361726429628 1.3961910460393807 -2.1380529617282074 3.6559140682220459 0.38404851723557831 2.4238822238571078
minute 5.6039318785678107 -0.023183984642059841 -6.0030987483666047 -14.128268879097106 -16.743399717692135 -18.491249557215063 -19.683737864056866 -20 -20 1.6536609741856587 -2.0984338244668068 3.6336765289306641 0.28516727422551091 2.3265688983655046
minute 5.5807657467178728 -0.024682921635177969 -5.9116515261935989 -14.618383779388989 -16.690008883728364 -17.848934974586481 -18.848830843149415 -19.775252108250271 -20 0.82827129511802233 -2.21026338400433 3.6743195056915283 0.73194152502778209 2.5182521753139087
mean 5.6188054285412656 -0.026434678356147913 -5.8595037295129604 -13.608562312428591 -15.773490609185902 -17.252590788971773 -18.214323267130226 -18.846626574036435 -19.164583992892211 0.98668010014126717 -2.1411100145071242 3.6592618624369302 0.56715601622681311 2.5351019744186027
selfDistance 8.1459213350537247
levelTwinD 4.0345291818857965e-05
storedMacros 0 0
cells 79
cell 1 1 1 0.055155888483435174 16.291842670107449 -1
skip 
cell 1 1 1 1.2807606261747237 16.291842670107449 -1
skip 
cell 1 1 1 1.048463859106423 16.291842670107449 -1
skip 
cell 1 1 1 0.050733671959458965 16.291842670107449 -1
skip 
cell 1 1 1 4.9690806821585856 16.291842670107449 -1
skip 
cell 1 1 1 0.42502217344458754 16.291842670107449 -1
skip 
cell 1 1 1 1.6142289139949937 16.291842670107449 -1
skip 
cell 1 1 1 0.25831527166677398 16.291842670107449 -1
skip 
cell 1 1 1 1.3622225203677012 16.291842670107449 -1
skip 
cell 1 1 1 14.115154997658381 16.291842670107449 -1
skip 
cell 0 1 0 0 16.291842670107449 -1
skip M displacement
cell 0 1 0 0 16.291842670107449 -1
skip M displacement
cell 0 1 0 0 16.291842670107449 -1
skip M displacement
cell 0 1 0 0 16.291842670107449 -1
skip M displacement
cell 0 1 0 0 16.291842670107449 -1
skip M displacement
cell 0 1 0 0 16.291842670107449 -1
skip M displacement
cell 0 1 0 0 16.291842670107449 -1
skip M displacement
cell 0 1 0 0 16.291842670107449 -1
skip M displacement
cell 0 1 0 0 16.291842670107449 -1
skip M displacement
cell 0 1 0 0 16.291842670107449 -1
skip M displacement
cell 0 1 0 0 16.291842670107449 -1
skip M displacement
cell 1 1 1 5.7413133597781458 16.291842670107449 -1
skip 
cell 1 1 1 1.1899096461462031 4.0766930404859156 3.0660904389845953
skip 
cell 1 1 1 1.7696653414028796 14.65933749865324 3.0660904389845953
skip 
cell 1 1 1 3.0725613304082469 4.4859791015712229 3.0660904389845953
skip 
cell 1 1 1 3.0097889277752614 4.3266793387398375 3.0660904389845953
skip 
cell 1 1 1 3.3554898312674002 4.6281955862971946 3.0660904389845953
skip 
cell 0 1 0 0 16.291842670107449 -1
skip side predicate
cell 0 1 0 0 16.291842670107449 -1
skip side predicate
cell 0 1 0 0 0 -1
skip state-only kind
cell 0 1 0 0 0 -1
skip state-only kind
cell 0 1 0 0 0 -1
skip state-only kind
cell 0 1 0 0 0 -1
skip state-only kind
cell 0 1 0 0 0 -1
skip state-only kind
cell 1 1 0 0 0 -1
skip state-only kind
cell 1 1 0 0 0 -1
skip state-only kind
cell 0 1 0 0 0 -1
skip state-only kind
cell 0 1 0 0 0 -1
skip state-only kind
cell 0 1 0 0 0 -1
skip state-only kind
cell 0 1 0 0 0 -1
skip state-only kind
cell 1 1 0 0 0 -1
skip state-only kind
cell 1 0 1 0.055155888483435174 0 -1
skip 
cell 1 0 1 0.055155888483435174 0 -1
skip 
cell 1 0 1 0.055155888483435174 0 -1
skip 
cell 1 0 1 0.055155888483435174 0 -1
skip 
cell 0 0 0 0 0 -1
skip state-only kind
cell 0 0 0 0 0 -1
skip state-only kind
cell 0 0 0 0 0 -1
skip state-only kind
cell 0 0 0 0 0 -1
skip state-only kind
cell 0 0 0 0 0 -1
skip state-only kind
cell 1 0 0 0 0 -1
skip state-only kind
cell 0 0 0 0 0 -1
skip state-only kind
cell 0 0 0 0 0 -1
skip state-only kind
cell 0 0 0 0 0 -1
skip state-only kind
cell 0 0 0 0 0 -1
skip state-only kind
cell 0 0 0 0 0 -1
skip state-only kind
cell 0 0 0 0 0 -1
skip state-only kind
cell 0 0 0 0 0 -1
skip state-only kind
cell 0 0 0 0 0 -1
skip state-only kind
cell 1 0 0 0 0 -1
skip state-only kind
cell 1 0 0 0 0 -1
skip state-only kind
cell 0 0 0 0 0 -1
skip state-only kind
cell 0 0 0 0 0 -1
skip state-only kind
cell 1 1 0 0 0 -1
skip state-only kind
cell 0 1 0 0 0 -1
skip state-only kind
cell 0 1 0 0 0 -1
skip state-only kind
cell 1 1 0 0 0 -1
skip state-only kind
cell 0 1 0 0 0 -1
skip state-only kind
cell 0 1 0 0 0 -1
skip state-only kind
cell 1 1 0 0 0 -1
skip state-only kind
cell 0 0 0 0 0 -1
skip state-only kind
cell 1 1 0 0 0 -1
skip state-only kind
cell 0 0 0 0 0 -1
skip state-only kind
cell 0 0 0 0 0 -1
skip state-only kind
cell 1 1 0 0 0 -1
skip state-only kind
cell 0 1 0 0 16.291842670107449 -1
skip state false
cell 0 1 0 0 16.291842670107449 -1
skip state false
cell 0 1 0 0 16.291842670107449 -1
skip state false
cell 0 1 0 0 16.291842670107449 -1
skip state false
gesture 0 0 0 0 0
rates 1 0.96605092287063599 -7.6599157689274175 1 0.96605092287063599 -7.3976338319555044
reproducible 1
end
