vorago-sweep-record 2
name Crowded Dark
takeCount 4
timeline 155 45 20 160 220 160 220 220 280 280 340 340 410 420 420 0
takes 4
take 15 1 0.87843203544616699 -15.310215324440827 -29.11609592309679 1.3121534048889778 -179.19184015692173 1 1 1 1
minute 4.4806448723680141 -0.043735039816946632 -5.7105581103158656 -6.6260859854790155 -13.136180229425694 -18.873620261162273 -20 -20 -20 0.44880363226603009 -1.36932116508596 2.3747153282165527 1.9769297990511943 4.3966619979278905
minute 4.4019478245243109 -0.02773928793968139 -6.3474063160622425 -7.3426312263307167 -12.055450680231203 -20 -20 -20 -20 0.40423642807527932 -1.4200410767178331 2.2346844673156738 1.8432715677264022 4.6101723917673141
minute 4.7787717969735022 -0.062787958704355162 -5.4987393035302716 -5.7165359677085235 -10.444652791896994 -16.221799724811724 -17.247352806880095 -18.171287480062464 -18.869270558407855 0.39240892525935889 -1.3724840094221891 2.360828161239624 1.6031194171124883 4.4756822672681817
take 0 1 0.73236823081970215 -15.586548896401869 -23.440747094119928 -0.68328777381688965 -180.20992945019074 1 1 1 1
minute 4.5336259066436337 -0.023955081357292109 -6.6357032052395315 -7.4099079740331035 -12.263120896158691 -20 -20 -20 -20 0.40789668695763692 -1.3733692367307682 2.1470808982849121 1.6568306028429873 4.3053807658960235
minute 4.722247548274539 -0.062145645429303897 -5.9063908998770147 -5.3542242126178596 -11.50863129117079 -20 -20 -20 -20 0.29551326392924288 -1.4311552717506995 2.3602402210235596 1.2762143585871222 4.1250928159935931
minute 4.5051388044145648 -0.014600802647046624 -7.7333086228110322 -7.6473077991926646 -12.584782791880162 -19.901546587089047 -20 -20 -20 0.48742299078482204 -1.4467904029992609 2.1488320827484131 1.5547085458094236 4.637241529930594
take 1 1 0.68838250637054443 -17.046249628241831 -23.166652001321193 -0.66382711993356125 -161.92928926341551 1 1 1 1
minute 4.1440744704871904 -0.014236641989532709 -7.3856814987742343 -8.3808090464260747 -10.706303922581739 -16.197786352457815 -17.220639189444459 -18.145924562533111 -18.844238423877933 0.245404551669299 -1.5022510509648348 2.3508927822113037 1.4729234213620785 4.2086136380880674
minute 4.472410150853233 -0.022390360538334875 -6.5999481228149826 -7.8046532010215621 -11.65270889027189 -20 -20 -20 -20 0.43634632117526378 -1.2831731969313831 2.2041199207305908 1.3257088301552677 4.271816597048165
minute 5.0975899804353659 -0.013707683733940712 -7.1605915798331328 -8.907621298524214 -12.524216393000765 -17.163573614939018 -18.228199582539851 -19.153657562447354 -19.848378887458111 0.43455749922804532 -1.4088281574020403 2.3814034461975098 1.1486877170052203 4.1814277988132105
take 2 1 0.79293030500411987 -15.559493424446945 -24.171996153986374 -0.64154300716661794 -186.67863605174816 1 1 1 1
minute 5.02718764873749 -0.0098209520224088465 -7.6218763701498178 -9.57820385216632 -12.109713334343898 -16.250397914883706 -17.99443242614997 -18.963343691915973 -19.659456875983864 0.49113172706606428 -1.3848606603015499 2.4034764766693115 1.9921433458087356 4.6606621359368212
minute 4.1471139665530252 -0.015254902725912936 -7.2606786567319626 -8.3431954772177797 -10.503537258501039 -20 -20 -20 -20 0.35097800446370075 -1.3733063894726889 2.1073458194732666 1.3772630669270678 4.5411233318237496
minute 4.6299988753021752 -0.026475432936524136 -6.0586849813807238 -8.8876288292688272 -10.432674548362138 -18.459873163830437 -19.741791292297719 -20 -20 0.40633169662852897 -1.362127110642136 2.2051465511322021 1.4648186948419444 4.2260319249086695
mean 4.5783959871305875 -0.028070815820106669 -6.6599639722934008 -7.6665670724988875 -11.660164418985417 -18.589049801597831 -19.202701274776004 -19.536184441413241 -19.768445395477311 0.40008597729193929 -1.3939756440351119 2.2732305129369097 1.5577182806024945 4.3866589329501897
selfDistance 2.8336858679085073
levelTwinD 1.145818565032083e-05
storedMacros 0 0
cells 79
cell 1 1 1 6.6825457705380114 5.6673717358170146 -1
skip 
cell 1 1 1 3.9940384513868059 5.6673717358170146 -1
skip 
cell 1 1 1 0.43787513996143307 5.6673717358170146 -1
skip 
cell 1 1 1 0.022664080707134177 5.6673717358170146 -1
skip 
cell 1 1 1 1.3557016355623244 5.6673717358170146 -1
skip 
cell 1 1 1 0 5.6673717358170146 -1
skip 
cell 1 1 1 10.333712714678242 5.6673717358170146 -1
skip 
cell 1 1 1 0.53140881737006485 5.6673717358170146 -1
skip 
cell 1 1 1 2.245870136992909 5.6673717358170146 -1
skip 
cell 1 1 1 11.495282445199843 5.6673717358170146 -1
skip 
cell 0 1 0 0 5.6673717358170146 -1
skip M displacement
cell 0 1 0 0 5.6673717358170146 -1
skip M displacement
cell 1 1 1 4.1136413629404673 5.6673717358170146 -1
skip 
cell 0 1 0 0 5.6673717358170146 -1
skip M displacement
cell 0 1 0 0 5.6673717358170146 -1
skip M displacement
cell 0 1 0 0 5.6673717358170146 -1
skip M displacement
cell 0 1 0 0 5.6673717358170146 -1
skip M displacement
cell 0 1 0 0 5.6673717358170146 -1
skip M displacement
cell 0 1 0 0 5.6673717358170146 -1
skip M displacement
cell 0 1 0 0 5.6673717358170146 -1
skip M displacement
cell 0 1 0 0 5.6673717358170146 -1
skip M displacement
cell 0 1 0 0 5.6673717358170146 -1
skip M displacement
cell 1 1 1 0.92163606467380854 4.7121760798676542 1.0440285900329624
skip 
cell 1 1 1 3.9094211654092779 6.3733738934073791 1.0440285900329624
skip 
cell 1 1 1 3.254721080435298 6.1196366417782357 1.0440285900329624
skip 
cell 1 1 1 1.0500506301224701 4.6964472954218612 1.0440285900329624
skip 
cell 1 1 1 3.5058832896851477 4.5706306886688974 1.0440285900329624
skip 
cell 0 1 0 0 5.6673717358170146 -1
skip side predicate
cell 0 1 0 0 5.6673717358170146 -1
skip side predicate
cell 0 1 0 0 0 -1
skip state-only kind
cell 0 1 0 0 0 -1
skip state-only kind
cell 0 1 0 0 0 -1
skip state-only kind
cell 0 1 0 0 0 -1
skip state-only kind
cell 0 1 0 0 0 -1
skip state-only kind
cell 1 1 0 0 0 -1
skip state-only kind
cell 1 1 0 0 0 -1
skip state-only kind
cell 0 1 0 0 0 -1
skip state-only kind
cell 0 1 0 0 0 -1
skip state-only kind
cell 0 1 0 0 0 -1
skip state-only kind
cell 0 1 0 0 0 -1
skip state-only kind
cell 1 1 0 0 0 -1
skip state-only kind
cell 1 1 1 6.6825457705380114 0 -1
skip 
cell 1 1 1 6.6825457705380114 0 -1
skip 
cell 1 1 1 6.6825457705380114 0 -1
skip 
cell 1 1 1 6.6825457705380114 0 -1
skip 
cell 0 1 0 0 0 -1
skip state-only kind
cell 0 1 0 0 0 -1
skip state-only kind
cell 0 1 0 0 0 -1
skip state-only kind
cell 0 1 0 0 0 -1
skip state-only kind
cell 0 1 0 0 0 -1
skip state-only kind
cell 1 1 0 0 0 -1
skip state-only kind
cell 0 1 0 0 0 -1
skip state-only kind
cell 0 1 0 0 0 -1
skip state-only kind
cell 0 1 0 0 0 -1
skip state-only kind
cell 0 1 0 0 0 -1
skip state-only kind
cell 0 1 0 0 0 -1
skip state-only kind
cell 0 1 0 0 0 -1
skip state-only kind
cell 0 1 0 0 0 -1
skip state-only kind
cell 0 1 0 0 0 -1
skip state-only kind
cell 1 1 0 0 0 -1
skip state-only kind
cell 1 0 0 0 0 -1
skip state-only kind
cell 0 0 0 0 0 -1
skip state-only kind
cell 0 0 0 0 0 -1
skip state-only kind
cell 1 0 0 0 0 -1
skip state-only kind
cell 0 0 0 0 0 -1
skip state-only kind
cell 0 0 0 0 0 -1
skip state-only kind
cell 1 1 0 0 0 -1
skip state-only kind
cell 0 1 0 0 0 -1
skip state-only kind
cell 0 1 0 0 0 -1
skip state-only kind
cell 1 1 0 0 0 -1
skip state-only kind
cell 0 0 0 0 0 -1
skip state-only kind
cell 1 1 0 0 0 -1
skip state-only kind
cell 0 1 0 0 0 -1
skip state-only kind
cell 0 1 0 0 0 -1
skip state-only kind
cell 1 1 0 0 0 -1
skip state-only kind
cell 0 1 0 0 5.6673717358170146 -1
skip state false
cell 0 1 0 0 5.6673717358170146 -1
skip state false
cell 0 1 0 0 5.6673717358170146 -1
skip state false
cell 0 1 0 0 5.6673717358170146 -1
skip state false
gesture 0 0 0 0 0
rates 1 0.80808049440383911 -16.273934026950382 1 0.59051096439361572 -17.865824426126323
reproducible 1
end
