vorago-sweep-record 2
name Bloom Colony
takeCount 4
timeline 155 45 14.999993324279785 160 220 160 220 220 280 280 340 340 404.99999332427979 414.99999332427979 414.99999332427979 0
takes 4
take 0 1 0.33449655771255493 -20.341114284381298 -26.047308610306736 0.221057859362908 -211.98370369682959 1 1 1 1
minute 6.4061612715424596 -0.0093946932690063996 -7.3552629691099103 -12.10336805928293 -16.430817455400309 -17.881569073148182 -18.903010748808143 -19.844773617545272 -20 0.16795512499277793 -2.0178591275976663 2.6380977630615234 1.1240809111985659 3.6218734700685484
minute 6.4332886232377726 -0.0064103277392225282 -7.9380017760790738 -12.470956094668894 -14.556978965002473 -15.659452311895517 -16.656465275443502 -17.589950662607116 -18.292772105177697 0.053201222388634131 -2.1219453206683099 2.6644523143768311 1.0975635936518449 3.9502809318346781
minute 6.6282936168479987 -0.0046871504557515209 -8.3894421423573284 -12.981464374322641 -14.941437183131185 -16.0263075615646 -17.021204648347769 -17.953334349033103 -18.656289885895919 0.18104596001302753 -2.1531800947375288 2.6756596565246582 1.0110335697614308 3.4646946951355462
take 1 1 0.3184349536895752 -21.076764758302041 -25.035012385297215 -0.045255442070168073 -208.4813952187861 1 1 1 1
minute 4.8013335599152214 -0.0020959514055599962 -9.6738090431362451 -12.681593141227902 -15.692785351052393 -16.803439030863487 -17.793711925287088 -18.722034302448733 -19.424083575962474 0.095423860151641879 -2.1500709764688759 2.6506614685058594 0.85150260023694835 3.428987060126822
minute 5.839945431322457 -0.010435376572326996 -7.2028932008281945 -12.17778908253343 -15.04469703013978 -16.273430564913461 -17.274814756298561 -18.206107802934731 -18.910049882395157 0.18979404769739019 -2.0776111999711637 2.6103947162628174 0.85959558553176374 3.5366905553609791
minute 6.1729017156134702 -0.037418383210194861 -5.3244669490167853 -12.338390133692446 -15.259553124023441 -16.74345888005832 -17.771653907561848 -18.713393373659702 -19.422434988136104 0.018391362922591487 -2.1387417725631557 2.6805448532104492 0.92316318748790815 3.4691108620096252
take 2 1 0.36640927195549011 -19.797529180245764 -21.597901617978657 0.59284906842850305 -229.08334031143164 1 1 1 1
minute 6.7700670467209445 -0.0051080219599886805 -8.358763726862934 -11.93531305022316 -13.689829099651373 -14.720934098635176 -15.708825717658486 -16.63629118695966 -17.337955887527258 0.38691417791722438 -2.1361540996980577 2.6650443077087402 0.48657200594083072 3.2110784995577957
minute 6.7223731780646689 -0.0049369710510328933 -8.4370405835295745 -11.907373757527219 -13.346779938838452 -14.378908216225847 -15.367533770955617 -16.293867858705752 -16.994685834893012 0.46107680419612779 -2.1199023049467769 2.6282057762145996 0.30466604969682098 3.0846105889191122
minute 6.6755612963542568 -0.0041495829887570794 -8.5340433928966206 -13.616021074516865 -16.084017211306055 -17.302851460599715 -18.336618911901699 -19.290537473100414 -19.999480373278931 0.48298917393668572 -2.1072755649751511 2.6400296688079834 0.35743281367920904 3.0943894891017587
take 3 1 0.35730853676795959 -20.026360960634197 -24.791108080595698 -1.9224137469659652 -222.22407392090088 1 1 1 1
minute 6.7005261393503455 -0.0044636979334219022 -8.4449182865333015 -13.042862232870799 -16.02783514487983 -17.198001282057287 -18.221473647969216 -19.167549960410565 -19.875079330623954 0.37377740525769321 -2.1316879799359749 2.6915836334228516 0.5744557619153865 3.1463239062067956
minute 6.6638498567512245 -0.0099406507673028451 -7.3711369786953842 -11.245917345102869 -12.824936307251555 -13.896348407699474 -14.881930419072326 -15.808251781839447 -16.508906839916897 0.24182238294520408 -2.1564958746699703 2.694188117980957 0.82283712422633715 3.2135320670789165
minute 6.2720504477407788 -0.014168969422738559 -6.7457946240629454 -12.211500331358021 -15.001199272861429 -16.398285444118379 -17.40521989810345 -18.341092165145522 -19.045343198414955 0.075065341242303282 -2.1571217579109252 2.7013900279998779 1.0011554173093151 3.5429927062767121
mean 6.3405293486218008 -0.0094341480646086863 -7.8146311394256927 -12.392712389777266 -14.908405506961525 -16.106915527648287 -17.111871968950638 -18.047265377865831 -18.705590158518532 0.22728807197177509 -2.1223371728452962 2.6616876920064287 0.78450488505303007 3.3970470693064407
selfDistance 3.6196093075732332
levelTwinD 4.8367312939463581e-05
storedMacros 0 0
cells 79
cell 1 1 1 0.080928623221022289 7.2392186151464664 -1
skip 
cell 1 1 1 0.65502700603442132 7.2392186151464664 -1
skip 
cell 1 1 1 2.3755441872668999 7.2392186151464664 -1
skip 
cell 1 1 1 0.0031542541955183571 7.2392186151464664 -1
skip 
cell 1 1 1 1.5867673931927462 7.2392186151464664 -1
skip 
cell 1 1 1 0.57833030813708142 7.2392186151464664 -1
skip 
cell 1 1 1 1.7026488474334958 7.2392186151464664 -1
skip 
cell 1 1 1 3.4520873186070986 7.2392186151464664 -1
skip 
cell 1 1 1 0.59737945923716307 7.2392186151464664 -1
skip 
cell 1 1 1 10.014011334331148 7.2392186151464664 -1
skip 
cell 0 1 0 0 7.2392186151464664 -1
skip M displacement
cell 0 1 0 0 7.2392186151464664 -1
skip M displacement
cell 0 1 0 0 7.2392186151464664 -1
skip M displacement
cell 0 1 0 0 7.2392186151464664 -1
skip M displacement
cell 0 1 0 0 7.2392186151464664 -1
skip M displacement
cell 0 1 0 0 7.2392186151464664 -1
skip M displacement
cell 0 1 0 0 7.2392186151464664 -1
skip M displacement
cell 0 1 0 0 7.2392186151464664 -1
skip M displacement
cell 0 1 0 0 7.2392186151464664 -1
skip M displacement
cell 0 1 0 0 7.2392186151464664 -1
skip M displacement
cell 0 1 0 0 7.2392186151464664 -1
skip M displacement
cell 0 1 0 0 7.2392186151464664 -1
skip M displacement
cell 1 1 1 1.1822713568206322 2.2147263765904026 1.1034600172472131
skip 
cell 1 1 1 1.4451676940598011 3.5343709880531415 1.1034600172472131
skip 
cell 1 1 1 1.1140623278999915 1.824692492946185 1.1034600172472131
skip 
cell 1 1 1 1.102988045893361 1.8823293871209119 1.1034600172472131
skip 
cell 1 1 1 1.5756511009131866 1.8389286417865269 1.1034600172472131
skip 
cell 0 1 0 0 7.2392186151464664 -1
skip side predicate
cell 0 1 0 0 7.2392186151464664 -1
skip side predicate
cell 0 1 0 0 0 -1
skip state-only kind
cell 0 1 0 0 0 -1
skip state-only kind
cell 0 1 0 0 0 -1
skip state-only kind
cell 0 1 0 0 0 -1
skip state-only kind
cell 0 1 0 0 0 -1
skip state-only kind
cell 1 1 0 0 0 -1
skip state-only kind
cell 1 1 0 0 0 -1
skip state-only kind
cell 0 1 0 0 0 -1
skip state-only kind
cell 0 1 0 0 0 -1
skip state-only kind
cell 0 1 0 0 0 -1
skip state-only kind
cell 0 1 0 0 0 -1
skip state-only kind
cell 1 1 0 0 0 -1
skip state-only kind
cell 1 0 1 0.080928623221022289 0 -1
skip 
cell 1 0 1 0.080928623221022289 0 -1
skip 
cell 1 0 1 0.080928623221022289 0 -1
skip 
cell 1 0 1 0.080928623221022289 0 -1
skip 
cell 0 0 0 0 0 -1
skip state-only kind
cell 0 0 0 0 0 -1
skip state-only kind
cell 0 0 0 0 0 -1
skip state-only kind
cell 0 0 0 0 0 -1
skip state-only kind
cell 0 0 0 0 0 -1
skip state-only kind
cell 1 0 0 0 0 -1
skip state-only kind
cell 0 0 0 0 0 -1
skip state-only kind
cell 0 0 0 0 0 -1
skip state-only kind
cell 0 0 0 0 0 -1
skip state-only kind
cell 0 0 0 0 0 -1
skip state-only kind
cell 0 0 0 0 0 -1
skip state-only kind
cell 0 0 0 0 0 -1
skip state-only kind
cell 0 0 0 0 0 -1
skip state-only kind
cell 0 0 0 0 0 -1
skip state-only kind
cell 1 0 0 0 0 -1
skip state-only kind
cell 1 0 0 0 0 -1
skip state-only kind
cell 0 0 0 0 0 -1
skip state-only kind
cell 0 0 0 0 0 -1
skip state-only kind
cell 1 1 0 0 0 -1
skip state-only kind
cell 0 1 0 0 0 -1
skip state-only kind
cell 0 1 0 0 0 -1
skip state-only kind
cell 1 1 0 0 0 -1
skip state-only kind
cell 0 1 0 0 0 -1
skip state-only kind
cell 0 1 0 0 0 -1
skip state-only kind
cell 1 1 0 0 0 -1
skip state-only kind
cell 0 0 0 0 0 -1
skip state-only kind
cell 1 1 0 0 0 -1
skip state-only kind
cell 0 0 0 0 0 -1
skip state-only kind
cell 0 0 0 0 0 -1
skip state-only kind
cell 1 1 0 0 0 -1
skip state-only kind
cell 0 1 0 0 7.2392186151464664 -1
skip state false
cell 0 1 0 0 7.2392186151464664 -1
skip state false
cell 0 1 0 0 7.2392186151464664 -1
skip state false
cell 0 1 0 0 7.2392186151464664 -1
skip state false
gesture 0 0 0 0 0
rates 1 0.35650169849395752 -20.104340000078874 1 0.32949540019035339 -21.207831043479924
reproducible 1
end
