vorago-sweep-record 2
name Haunted Colony
takeCount 4
timeline 155 45 7.0002317428588867 160 220 160 220 220 280 280 340 340 397.00023174285889 407.00023174285889 407.00023174285889 0
takes 4
take 12 1 0.42331570386886597 -19.61034085340026 -23.368001021180646 -0.080845548300246151 -164.18513099012785 1 1 1 1
minute 6.4548308679238655 -0.016688082928311587 -6.4980097119711644 -12.540279448277399 -15.171662112509477 -16.285740365806316 -17.304506571595077 -18.250757686804558 -18.940344605571141 0.48556754225195892 -1.2624597377344071 -2.4907271862030029 0.79404617170509628 4.7413589481982399
minute 6.3436957723345788 -0.016032055570834793 -6.5516803293050643 -12.656713074221317 -16.053166631444114 -17.318769983220577 -18.388762856031434 -19.368768725717896 -20 0.48046835699553042 -1.1862676875378342 -2.2177722454071045 0.62365831592974952 4.1149563012005324
minute 6.6157473489744767 -0.016180926145082708 -6.5435312152005398 -12.259251210303477 -16.524253721786575 -18.205824874456852 -19.316166264193392 -20 -20 0.43232561372491007 -1.2934267842801632 -2.8602514266967773 0.70097529844519724 4.0557272323572118
take 13 1 0.69187533855438232 -18.286825060953646 -22.914531945220702 -0.99464109050638072 -163.0489859851983 1 1 1 1
minute 6.4782618771880376 -0.017699515506315322 -6.4029460981486368 -13.013206624455506 -15.991645250494097 -17.197076731717004 -18.239045934906947 -19.211201790339604 -19.957557765153453 0.47148420962819343 -1.3008381860259877 -2.486854076385498 0.67669259241043744 4.2025085902985371
minute 6.6487663235120928 -0.015766350060161471 -6.58266083006116 -12.423527442802362 -15.332744362505844 -16.47201443295565 -17.492747931213003 -18.43431587341486 -19.137983948276904 0.52086368086883172 -1.2261102466251104 -2.5358085632324219 0.76517342882071693 4.1538888222763601
minute 6.3959748069607727 -0.017094918185298031 -6.4526915870226347 -12.888660836654914 -17.305280422371663 -18.816947856221145 -20 -20 -20 0.50084152946078431 -1.2501381501067941 -2.5195040702819824 0.6615456346617582 4.1684266952130367
take 14 1 0.50310653448104858 -18.332478793023512 -23.037974190341544 2.3983096081460715 -172.72790633182777 1 1 1 1
minute 6.5949951893453385 -0.02039438026848709 -6.2397735142305137 -11.119226835289739 -14.301868736584142 -15.383442522894258 -16.387926330439534 -17.325002548620017 -18.029777255899372 0.42167130827361338 -1.3469862943787392 -2.7686347961425781 0.57121181473272409 3.8267508507512051
minute 6.5458746883524492 -0.021462368077462674 -6.1839400409493539 -11.018088794246811 -12.895710115576851 -13.925976357465604 -14.918476157111233 -15.851708483428471 -16.554290382021897 0.51446847896976367 -1.3118065717090162 -2.3983550071716309 0.5585290915583031 4.1046229472581821
minute 6.3968448094129666 -0.018967449567130736 -6.3041084093780997 -12.757294136036361 -16.349845271797101 -17.641038325940738 -18.721162753363096 -19.713157552486244 -20 0.51098766782054872 -1.2389283605127714 -2.5093140602111816 0.63149912365434169 4.0349036211757694
take 15 1 0.41416707634925842 -19.854745783852895 -25.045110315614547 0.52861627201100347 -168.29504541879797 1 1 1 1
minute 6.4536331877418736 -0.02260053503611914 -6.0984465977767757 -10.737827096527557 -14.128961360344721 -16.228840481884895 -17.300594888216981 -18.272485547159281 -18.992934884193531 0.33099213328650556 -1.2882189733242613 -2.3871259689331055 1.1322624638015311 4.3251979259070694
minute 6.6165074416982463 -0.022236435563357304 -6.125526963273872 -10.755071214924154 -13.811366423366794 -15.411841932395449 -16.454783734711405 -17.411719169992534 -18.12117542252409 0.26254289978598422 -1.3396523519521033 -2.5126559734344482 0.65311889960864156 3.9679273180662582
minute 6.5585882391282739 -0.019173372764955822 -6.3336225780103774 -10.967423991923837 -14.505359730990719 -17.092730422600717 -18.303544483001751 -19.277303868587431 -19.981350795156352 0.34945735617762136 -1.3161057179152222 -2.4828331470489502 0.78479302303231924 4.2559902331562283
mean 6.5086433793810805 -0.018691365806126389 -6.3597448229440161 -11.928047558805284 -15.19765534498101 -16.665020357296598 -17.735643158731989 -18.593035103879238 -19.142951254899724 0.4401392314370205 -1.280078255175201 -2.5141530434290567 0.71279215486340131 4.1626882904882185
selfDistance 4.3731719806103708
levelTwinD 1.5211518264469415e-06
storedMacros 0 0
cells 79
cell 1 1 1 0.10903482120457643 8.7463439612207416 -1
skip 
cell 1 1 1 1.4376849283732365 8.7463439612207416 -1
skip 
cell 1 1 1 0.69819106891200688 8.7463439612207416 -1
skip 
cell 1 1 1 0.0025193945284469684 8.7463439612207416 -1
skip 
cell 1 1 1 1.2373003941752778 8.7463439612207416 -1
skip 
cell 1 1 1 0.12524196392792297 8.7463439612207416 -1
skip 
cell 1 1 1 7.2501171851911961 8.7463439612207416 -1
skip 
cell 1 1 1 4.368746483260753 8.7463439612207416 -1
skip 
cell 1 1 1 7.1751946330800083 8.7463439612207416 -1
skip 
cell 1 1 1 11.602700816144656 8.7463439612207416 -1
skip 
cell 0 1 0 0 8.7463439612207416 -1
skip M displacement
cell 0 1 0 0 8.7463439612207416 -1
skip M displacement
cell 0 1 0 0 8.7463439612207416 -1
skip M displacement
cell 0 1 0 0 8.7463439612207416 -1
skip M displacement
cell 0 1 0 0 8.7463439612207416 -1
skip M displacement
cell 0 1 0 0 8.7463439612207416 -1
skip M displacement
cell 0 1 0 0 8.7463439612207416 -1
skip M displacement
cell 0 1 0 0 8.7463439612207416 -1
skip M displacement
cell 0 1 0 0 8.7463439612207416 -1
skip M displacement
cell 0 1 0 0 8.7463439612207416 -1
skip M displacement
cell 0 1 0 0 8.7463439612207416 -1
skip M displacement
cell 0 1 0 0 8.7463439612207416 -1
skip M displacement
cell 1 1 1 0.93757033926188682 6.9670342940755257 0.88355768314694405
skip 
cell 1 1 1 0.95839833516321327 14.53225562202261 0.88355768314694405
skip 
cell 1 1 1 0.88420327776874608 7.0226472135486482 0.88355768314694405
skip 
cell 1 1 1 0.88160378387846738 6.9201443504476057 0.88355768314694405
skip 
cell 1 1 1 6.4118537711164851 3.4794973096618489 0.88355768314694405
skip 
cell 0 1 0 0 8.7463439612207416 -1
skip side predicate
cell 0 1 0 0 8.7463439612207416 -1
skip side predicate
cell 0 1 0 0 0 -1
skip state-only kind
cell 0 1 0 0 0 -1
skip state-only kind
cell 0 1 0 0 0 -1
skip state-only kind
cell 0 1 0 0 0 -1
skip state-only kind
cell 0 1 0 0 0 -1
skip state-only kind
cell 1 1 0 0 0 -1
skip state-only kind
cell 1 1 0 0 0 -1
skip state-only kind
cell 0 1 0 0 0 -1
skip state-only kind
cell 0 1 0 0 0 -1
skip state-only kind
cell 0 1 0 0 0 -1
skip state-only kind
cell 0 1 0 0 0 -1
skip state-only kind
cell 1 1 0 0 0 -1
skip state-only kind
cell 1 0 1 0.10903482120457643 0 -1
skip 
cell 1 0 1 0.10903482120457643 0 -1
skip 
cell 1 0 1 0.10903482120457643 0 -1
skip 
cell 1 0 1 0.10903482120457643 0 -1
skip 
cell 0 0 0 0 0 -1
skip state-only kind
cell 0 0 0 0 0 -1
skip state-only kind
cell 0 0 0 0 0 -1
skip state-only kind
cell 0 0 0 0 0 -1
skip state-only kind
cell 0 0 0 0 0 -1
skip state-only kind
cell 1 0 0 0 0 -1
skip state-only kind
cell 0 0 0 0 0 -1
skip state-only kind
cell 0 0 0 0 0 -1
skip state-only kind
cell 0 0 0 0 0 -1
skip state-only kind
cell 0 0 0 0 0 -1
skip state-only kind
cell 0 0 0 0 0 -1
skip state-only kind
cell 0 0 0 0 0 -1
skip state-only kind
cell 0 0 0 0 0 -1
skip state-only kind
cell 0 0 0 0 0 -1
skip state-only kind
cell 1 0 0 0 0 -1
skip state-only kind
cell 1 0 0 0 0 -1
skip state-only kind
cell 0 0 0 0 0 -1
skip state-only kind
cell 0 0 0 0 0 -1
skip state-only kind
cell 1 0 0 0 0 -1
skip state-only kind
cell 0 0 0 0 0 -1
skip state-only kind
cell 0 0 0 0 0 -1
skip state-only kind
cell 1 1 0 0 0 -1
skip state-only kind
cell 0 1 0 0 0 -1
skip state-only kind
cell 0 1 0 0 0 -1
skip state-only kind
cell 1 1 0 0 0 -1
skip state-only kind
cell 0 0 0 0 0 -1
skip state-only kind
cell 1 1 0 0 0 -1
skip state-only kind
cell 0 1 0 0 0 -1
skip state-only kind
cell 0 1 0 0 0 -1
skip state-only kind
cell 1 1 0 0 0 -1
skip state-only kind
cell 0 1 0 0 8.7463439612207416 -1
skip state false
cell 0 1 0 0 8.7463439612207416 -1
skip state false
cell 0 1 0 0 8.7463439612207416 -1
skip state false
cell 0 1 0 0 8.7463439612207416 -1
skip state false
gesture 0 0 0 0 0
rates 1 0.61088722944259644 -17.525576134682893 1 0.46742492914199829 -18.53502654848473
reproducible 1
end
