vorago-sweep-record 2
name Tectonic Floor
takeCount 4
timeline 155 45 11.999977111816406 160 220 160 220 220 280 280 340 340 401.99997711181641 411.99997711181641 411.99997711181641 0
takes 4
take 1 1 0.50475966930389404 -16.470261527154864 -20.253551836756422 0.89157388097168067 -192.95209651788679 1 1 1 1
minute 6.1746287748472284 -0.035667137834742846 -5.434237689052499 -10.486520029069567 -13.219225007045555 -14.468939896611886 -15.503264141009215 -16.460314083424628 -17.178034744447089 0.11957280837502848 -1.6592610199019273 0.5616956353187561 0.98203023715202153 3.7274000249501995
minute 6.1613791092020538 -0.036487027234173297 -5.3911624995103384 -10.595493022076528 -14.175986632854464 -15.725956801101493 -16.803750189857926 -17.808351226096427 -18.546895236763781 0.16046087532155862 -1.5629561006778998 0.65661859512329102 0.54381926243893841 3.4166303632885473
minute 6.1637356756922799 -0.038033003007114985 -5.3252960975964641 -10.693973141406163 -14.835672132477548 -16.724721599372337 -17.920696896135105 -19.045187065184503 -19.85345202292482 0.15629365952422844 -1.6352826455651237 0.68181848526000977 0.58805993612449581 3.3718241922758452
take 2 1 0.58006459474563599 -15.810406363119627 -18.288104488392399 0.19124283980267265 -240 1 1 1 1
minute 6.2301401707442752 -0.037774879857205214 -5.3535291977727626 -10.423981951468019 -12.944026572652184 -14.148850160304146 -15.169144728039718 -16.11748738344329 -16.829081207971129 0.20098923712653291 -1.63109392298984 0.66022694110870361 0.50004808359011543 3.4822448233776737
minute 6.2799813981247041 -0.037296624766599486 -5.3517402152935292 -10.789652295415467 -14.831588120263648 -16.635221068988884 -17.85239378511848 -18.928611928963036 -19.699512892119152 0.19627246809165116 -1.6363019617061272 0.66087538003921509 0.48641940158956037 3.3966359165303963
minute 6.1390184180987664 -0.037751606681782825 -5.3461055373007556 -10.541767680722552 -13.510856686127511 -14.854488059532779 -15.889574274871046 -16.846457023586183 -17.559405849407071 0.24533747600558775 -1.6187036961479522 0.61695927381515503 0.39028403606036693 3.3465613519370621
take 3 1 0.51298987865447998 -16.056022751192074 -19.664816566704285 -0.39539959760192289 -225.72454481911663 1 1 1 1
minute 6.1484458170551513 -0.035081945924455717 -5.4372977877714579 -11.00062149032251 -14.647110330944608 -16.318703837194249 -17.471078854628558 -18.494821918522607 -19.244530804894872 0.23093840799680257 -1.6330817572440548 0.43124538660049438 0.44057775410333444 3.6104166162380338
minute 6.1172604344502588 -0.036506530164925735 -5.3837833113612508 -10.780994003261199 -14.658962439513019 -16.449599471958123 -17.591992022982399 -18.664932132076075 -19.444655822009842 0.11219666644735767 -1.62823758476408 0.58956009149551392 0.45839656443590548 3.445724605608441
minute 6.139820426385068 -0.062416647594533949 -4.6117496006492402 -10.405824129898122 -14.035174260539202 -15.824463359788462 -16.948520427938689 -17.983090471520399 -18.737328251747517 0.11412366856880053 -1.6542983211305515 0.62376224994659424 0.64286977635071685 3.5162940689881568
take 4 1 0.56949591636657715 -16.439363108111621 -20.826903908073643 1.5301988653971748 -240 1 1 1 1
minute 6.4306458174061465 -0.038652784251657593 -5.3188847113510835 -10.452007493267278 -12.920750205590105 -14.117029930708043 -15.127812356715456 -16.071363993621432 -16.779508841303631 0.17913006848274032 -1.6848823886591331 0.84310704469680786 1.2244724662559592 3.8292208305604882
minute 6.1727924094997952 -0.036288914973712373 -5.3819999523592346 -11.173329158731917 -15.772610299986724 -18.401407855333332 -20 -20 -20 0.22633788590449613 -1.5990307669452559 0.72291505336761475 0.6886727470024453 3.6129342159637936
minute 6.2906357758034464 -0.037448712812687759 -5.3460419330795377 -10.868963955937499 -14.243406622982725 -15.704000869743782 -16.813323775173011 -17.833174872955237 -18.582450958922447 0.15655800175978341 -1.6061496917766722 0.63111573457717896 0.58750001363448978 3.6269125795556683
mean 6.204040352275765 -0.039117151258632646 -5.306819044424846 -10.6844273626314 -14.149614109248107 -15.781115242553128 -16.924295954372468 -17.854482674949484 -18.537904719375945 0.17485093530038068 -1.6291066547923845 0.63999165594577789 0.62776252322819581 3.5318999657728583
selfDistance 4.3961024149345818
levelTwinD 8.4337696843951868e-06
storedMacros 0 0.34999999403953552
cells 79
cell 1 1 1 0.068505022909539887 8.7922048298691635 -1
skip 
cell 1 1 1 0.40746338768094431 8.7922048298691635 -1
skip 
cell 1 1 1 0.19274948949520579 8.7922048298691635 -1
skip 
cell 1 1 1 0.0035999070608915911 8.7922048298691635 -1
skip 
cell 1 1 1 4.8115660116961774 8.7922048298691635 -1
skip 
cell 1 1 1 0.1391149810469694 8.7922048298691635 -1
skip 
cell 1 1 1 0.92616905947779526 8.7922048298691635 -1
skip 
cell 1 1 1 3.9661270372951591 8.7922048298691635 -1
skip 
cell 1 1 1 2.0793716593267146 8.7922048298691635 -1
skip 
cell 1 1 1 7.8923568563361552 8.7922048298691635 -1
skip 
cell 1 1 1 0.19598445304143369 8.7922048298691635 -1
skip 
cell 0 1 0 0 8.7922048298691635 -1
skip M displacement
cell 0 1 0 0 8.7922048298691635 -1
skip M displacement
cell 0 1 0 0 8.7922048298691635 -1
skip M displacement
cell 0 1 0 0 8.7922048298691635 -1
skip M displacement
cell 0 1 0 0 8.7922048298691635 -1
skip M displacement
cell 0 1 0 0 8.7922048298691635 -1
skip M displacement
cell 0 1 0 0 8.7922048298691635 -1
skip M displacement
cell 0 1 0 0 8.7922048298691635 -1
skip M displacement
cell 0 1 0 0 8.7922048298691635 -1
skip M displacement
cell 0 1 0 0 8.7922048298691635 -1
skip M displacement
cell 0 1 0 0 8.7922048298691635 -1
skip M displacement
cell 1 1 1 0.48299473176553548 7.6369303796192609 0.3673969519725479
skip 
cell 1 1 1 2.4579624208447961 2.1321110650038859 0.3673969519725479
skip 
cell 1 1 1 0.41304149305129989 8.2071822322315153 0.3673969519725479
skip 
cell 1 1 1 0.36351385344029336 8.0838598149653418 0.3673969519725479
skip 
cell 1 1 1 0.57665318521436182 9.0389590302588001 0.3673969519725479
skip 
cell 0 1 0 0 8.7922048298691635 -1
skip side predicate
cell 0 1 0 0 8.7922048298691635 -1
skip side predicate
cell 0 1 0 0 0 -1
skip state-only kind
cell 0 1 0 0 0 -1
skip state-only kind
cell 0 1 0 0 0 -1
skip state-only kind
cell 0 1 0 0 0 -1
skip state-only kind
cell 0 1 0 0 0 -1
skip state-only kind
cell 1 1 0 0 0 -1
skip state-only kind
cell 1 1 0 0 0 -1
skip state-only kind
cell 0 1 0 0 0 -1
skip state-only kind
cell 0 1 0 0 0 -1
skip state-only kind
cell 0 1 0 0 0 -1
skip state-only kind
cell 0 1 0 0 0 -1
skip state-only kind
cell 1 1 0 0 0 -1
skip state-only kind
cell 1 0 1 0.068505022909539887 0 -1
skip 
cell 1 0 1 0.068505022909539887 0 -1
skip 
cell 1 0 1 0.068505022909539887 0 -1
skip 
cell 1 0 1 0.068505022909539887 0 -1
skip 
cell 0 0 0 0 0 -1
skip state-only kind
cell 0 0 0 0 0 -1
skip state-only kind
cell 0 0 0 0 0 -1
skip state-only kind
cell 0 0 0 0 0 -1
skip state-only kind
cell 0 0 0 0 0 -1
skip state-only kind
cell 0 0 0 0 0 -1
skip state-only kind
cell 0 0 0 0 0 -1
skip state-only kind
cell 0 0 0 0 0 -1
skip state-only kind
cell 0 0 0 0 0 -1
skip state-only kind
cell 0 0 0 0 0 -1
skip state-only kind
cell 1 0 0 0 0 -1
skip state-only kind
cell 0 0 0 0 0 -1
skip state-only kind
cell 0 0 0 0 0 -1
skip state-only kind
cell 0 0 0 0 0 -1
skip state-only kind
cell 1 0 0 0 0 -1
skip state-only kind
cell 1 0 0 0 0 -1
skip state-only kind
cell 0 0 0 0 0 -1
skip state-only kind
cell 0 0 0 0 0 -1
skip state-only kind
cell 0 1 0 0 0 -1
skip state-only kind
cell 0 1 0 0 0 -1
skip state-only kind
cell 1 1 0 0 0 -1
skip state-only kind
cell 1 1 0 0 0 -1
skip state-only kind
cell 0 1 0 0 0 -1
skip state-only kind
cell 0 1 0 0 0 -1
skip state-only kind
cell 1 1 0 0 0 -1
skip state-only kind
cell 0 0 0 0 0 -1
skip state-only kind
cell 1 1 0 0 0 -1
skip state-only kind
cell 0 1 0 0 0 -1
skip state-only kind
cell 0 1 0 0 0 -1
skip state-only kind
cell 1 1 0 0 0 -1
skip state-only kind
cell 0 0 0 0 8.7922048298691635 -1
skip state false
cell 0 0 0 0 8.7922048298691635 -1
skip state false
cell 0 1 0 0 8.7922048298691635 -1
skip state false
cell 0 1 0 0 8.7922048298691635 -1
skip state false
gesture 0 0 0 0 0
rates 1 0.5583118200302124 -16.702385166979997 1 0.5292285680770874 -16.195712152967854
reproducible 1
end
