vorago-sweep-record 2
name <default surface>
takeCount 4
timeline 155 45 20 160 220 160 220 220 280 280 340 340 410 420 420 0
takes 4
take 0 1 0.2081323117017746 -25.071761179733734 -29.635285686260492 0.55297204652206489 -219.78114068949321 1 1 1 1
minute 7.183845567737869 -0.045102938593200761 -5.1311051626324131 -9.2570612041259785 -13.226029321738523 -16.957450212705204 -18.603105218372001 -19.809908825340745 -20 0.19918454064733163 -2.2337829524002322 -3.521914005279541 1.9527549123730055 4.3790395337522092
minute 6.6939592815066451 -0.053683168661396032 -4.9368718328990839 -8.3460116158443558 -12.367739686929401 -15.48181306587926 -16.58172147677789 -17.545223945566342 -18.261235709703971 0.15351918522033112 -2.2176529543884138 -3.5256452560424805 1.4331879394809546 3.6586084240763683
minute 7.5553179875800787 -0.033809836271733687 -5.6470772202597361 -8.9058296356582964 -11.308613069350276 -12.573570046973419 -13.571695586482068 -14.507034174480106 -15.212031195893577 0.24682751749034074 -2.2807331910237734 -3.5230543613433838 1.1363897426704002 3.5057221320938403
take 1 1 0.17804144322872162 -25.963797718903212 -31.257177610836372 -0.12803847158176396 -205.43836338432104 1 1 1 1
minute 7.1763215671399738 -0.034699706891122631 -5.5762334378450849 -8.8135748124627504 -12.871050240921125 -15.52727955665495 -16.730024634213354 -17.795399754884816 -18.571272180416848 0.16038040821447161 -2.2357972912683084 -3.5228102207183838 1.9452768732124011 4.0692321579776243
minute 7.6242032917413773 -0.034444963171412248 -5.6289321048074843 -8.6491784770850959 -11.740751783259654 -13.287751544941955 -14.408581585011124 -15.361538112370116 -16.072893726549157 0.20251499668818257 -2.2382723769205231 -3.5243420600891113 1.4015467761761573 3.6089048713674199
minute 7.4506234513225547 -0.029806905734965028 -5.7398634940001276 -9.598439218123815 -13.593789075698197 -17.615893904270894 -19.380570363146362 -20 -20 0.21052172045469547 -2.2348609454193702 -3.5218803882598877 1.7586639480633712 3.6632339901967566
take 2 1 0.19594684243202209 -24.660271582977984 -30.824957319280696 0.68253584415879942 -226.48071516383851 1 1 1 1
minute 7.3053031501561465 -0.035109621119815415 -5.5413927379418881 -8.9994208008388785 -12.733905663757788 -15.019346488698229 -16.11112863217258 -17.113972110863426 -17.857446601686057 0.28398172361765889 -2.2377886172040569 -3.5109343528747559 1.7220064962854991 3.8968164561906393
minute 7.6986177695978899 -0.025600576013720417 -5.9864008481394793 -9.5260701171420514 -13.408289359249402 -15.253558505384131 -16.389244518014376 -17.438885280303474 -18.193270152284121 0.21965128752553845 -2.2915732047190174 -3.4918782711029053 0.66485875394467242 3.6313890893679259
minute 7.6059636213118349 -0.02717655922389639 -5.8821213142024167 -9.5727715258123371 -14.274618334481469 -17.424213652269891 -19.049195347509439 -20 -20 0.24008449960625264 -2.2749435788891588 -3.5164015293121338 0.7000064302368818 3.2823956425144503
take 3 1 0.20723806321620941 -25.068363281440462 -29.342481907651276 -1.1890898738592632 -227.64675696269876 1 1 1 1
minute 7.2805028385267123 -0.033045063365503793 -5.6879878744308261 -8.9042264260319151 -11.3029637339353 -12.394373866392499 -13.391478163042544 -14.321515850692123 -15.024393113215027 0.28581866583689874 -2.2444576993669947 -3.5167582035064697 0.71789189940694287 3.2724020421885407
minute 7.5783843906959847 -0.030691365096899403 -5.7416268836698778 -9.1552943587434967 -12.861060375776852 -14.240748330646873 -15.275325885569497 -16.245604258091713 -16.971437370092527 0.26075240927877424 -2.2904257512424113 -3.5216338634490967 0.70797357339452427 3.2599009632798115
minute 6.655761790755979 -0.41915595180720777 -2.0818804207066628 -6.3452314170009689 -9.6369938275794063 -12.509056581894257 -14.714828849825475 -15.663658944178531 -16.374255281545249 0.13431560313517565 -2.102549812823086 -3.4896376132965088 1.5811710138054884 4.4598003204455177
mean 7.3174003923394197 -0.066860554662572791 -5.2984577776279229 -8.8394258007391606 -12.443817039389781 -14.857087979725964 -16.183908355011386 -17.150228438064282 -17.71151961094888 0.21646271314297094 -2.2402365313054453 -3.5155741771062212 1.310144029920858 3.7239538019542584
selfDistance 1.7952378289376838
levelTwinD 1.0673735263030393e-05
storedMacros 0 0
cells 79
cell 1 1 1 1.0545239499590888 3.5904756578753676 -1
skip 
cell 1 1 1 3.3511242970196315 3.5904756578753676 -1
skip 
cell 1 1 1 1.3968156897458743 3.5904756578753676 -1
skip 
cell 1 1 1 0.021626033593150375 3.5904756578753676 -1
skip 
cell 1 1 1 0.5571103773860997 3.5904756578753676 -1
skip 
cell 1 1 1 1.194274311793118 3.5904756578753676 -1
skip 
cell 1 1 1 2.9069330274578067 3.5904756578753676 -1
skip 
cell 1 1 1 9.053036312167805 3.5904756578753676 -1
skip 
cell 1 1 0 0 3.5904756578753676 -1
skip override equals stored
cell 1 1 1 11.312678336007234 3.5904756578753676 -1
skip 
cell 0 1 0 0 3.5904756578753676 -1
skip M displacement
cell 0 1 0 0 3.5904756578753676 -1
skip M displacement
cell 0 1 0 0 3.5904756578753676 -1
skip M displacement
cell 0 1 0 0 3.5904756578753676 -1
skip M displacement
cell 0 1 0 0 3.5904756578753676 -1
skip M displacement
cell 0 1 0 0 3.5904756578753676 -1
skip M displacement
cell 0 1 0 0 3.5904756578753676 -1
skip M displacement
cell 0 1 0 0 3.5904756578753676 -1
skip M displacement
cell 0 1 0 0 3.5904756578753676 -1
skip M displacement
cell 0 1 0 0 3.5904756578753676 -1
skip M displacement
cell 0 1 0 0 3.5904756578753676 -1
skip M displacement
cell 0 1 0 0 3.5904756578753676 -1
skip M displacement
cell 1 1 1 1.2698495731684114 7.0629429390052447 0.28691161105221302
skip 
cell 1 1 1 1.9478563886747018 5.79730398429251 0.28691161105221302
skip 
cell 1 1 1 0.41208199784085908 6.9632392745912393 0.28691161105221302
skip 
cell 1 1 1 0.28300779755339428 5.9951822583286756 0.28691161105221302
skip 
cell 1 1 1 0.28691161105221302 6.0971106776868966 0.28691161105221302
skip 
cell 0 1 0 0 3.5904756578753676 -1
skip side predicate
cell 0 1 0 0 3.5904756578753676 -1
skip side predicate
cell 0 1 0 0 0 -1
skip state-only kind
cell 0 1 0 0 0 -1
skip state-only kind
cell 0 1 0 0 0 -1
skip state-only kind
cell 0 1 0 0 0 -1
skip state-only kind
cell 0 1 0 0 0 -1
skip state-only kind
cell 1 1 0 0 0 -1
skip state-only kind
cell 1 1 0 0 0 -1
skip state-only kind
cell 0 1 0 0 0 -1
skip state-only kind
cell 0 1 0 0 0 -1
skip state-only kind
cell 0 1 0 0 0 -1
skip state-only kind
cell 0 1 0 0 0 -1
skip state-only kind
cell 1 1 0 0 0 -1
skip state-only kind
cell 1 0 1 1.0545239499590888 0 -1
skip 
cell 1 0 1 1.0545239499590888 0 -1
skip 
cell 1 0 1 1.0545239499590888 0 -1
skip 
cell 1 0 1 1.0545239499590888 0 -1
skip 
cell 0 0 0 0 0 -1
skip state-only kind
cell 0 0 0 0 0 -1
skip state-only kind
cell 0 0 0 0 0 -1
skip state-only kind
cell 0 0 0 0 0 -1
skip state-only kind
cell 0 0 0 0 0 -1
skip state-only kind
cell 1 0 0 0 0 -1
skip state-only kind
cell 0 0 0 0 0 -1
skip state-only kind
cell 0 0 0 0 0 -1
skip state-only kind
cell 0 0 0 0 0 -1
skip state-only kind
cell 0 0 0 0 0 -1
skip state-only kind
cell 0 0 0 0 0 -1
skip state-only kind
cell 0 0 0 0 0 -1
skip state-only kind
cell 0 1 0 0 0 -1
skip state-only kind
cell 0 1 0 0 0 -1
skip state-only kind
cell 1 1 0 0 0 -1
skip state-only kind
cell 1 0 0 0 0 -1
skip state-only kind
cell 0 0 0 0 0 -1
skip state-only kind
cell 0 0 0 0 0 -1
skip state-only kind
cell 1 0 0 0 0 -1
skip state-only kind
cell 0 0 0 0 0 -1
skip state-only kind
cell 0 0 0 0 0 -1
skip state-only kind
cell 1 1 0 0 0 -1
skip state-only kind
cell 0 1 0 0 0 -1
skip state-only kind
cell 0 1 0 0 0 -1
skip state-only kind
cell 1 1 0 0 0 -1
skip state-only kind
cell 0 0 0 0 0 -1
skip state-only kind
cell 1 1 0 0 0 -1
skip state-only kind
cell 0 0 0 0 0 -1
skip state-only kind
cell 0 0 0 0 0 -1
skip state-only kind
cell 1 1 0 0 0 -1
skip state-only kind
cell 0 1 0 0 3.5904756578753676 -1
skip state false
cell 0 1 0 0 3.5904756578753676 -1
skip state false
cell 0 1 0 0 3.5904756578753676 -1
skip state false
cell 0 1 0 0 3.5904756578753676 -1
skip state false
gesture 0 0 0 0 0
rates 1 0.22646826505661011 -23.465372676018248 1 0.19352202117443085 -25.788928612385263
reproducible 1
end
