vorago-sweep-record 2
name Entropic Hum
takeCount 4
timeline 155 45 4.0000028610229492 160 220 160 220 220 280 280 340 340 394.00000286102295 404.00000286102295 404.00000286102295 0
takes 4
take 5 1 0.45071491599082947 -20.06220268643531 -26.02134725961815 -0.21626886386523481 -118.76836012961141 1 1 1 1
minute 3.5844475394022171 -0.010014370236428741 -7.3503416000417321 -12.231733239058386 -11.217427837865742 -16.968712912292318 -18.720364100370723 -19.642517009347699 -20 0.47764230327469454 -0.97798148233657312 1.3211120367050171 0.51121042386534532 3.870643658042868
minute 3.431596849759786 -0.010652600652816108 -7.2986478367671257 -11.199835676312057 -11.221034516796232 -19.051548012796729 -20 -20 -20 0.39511208919286822 -0.98115192210907709 1.3168584108352661 0.8262286908454477 4.5867836525797721
minute 3.5431469234181585 -0.0052560443086188489 -8.2924505321179431 -11.618291477290137 -14.702200937303573 -17.931779444500734 -20 -20 -20 0.52313869030800386 -0.99705464050080039 1.4319912195205688 1.1696762810164967 4.5050074861349287
take 6 1 0.50021731853485107 -19.369673341917267 -27.796974582730556 -2.1652119188278753 -114.88722898783097 1 1 1 1
minute 3.5001011367305104 -0.0063983645048798126 -7.908839222071725 -12.73301986072064 -16.713163438258576 -16.912128315317876 -20 -20 -20 0.50598956167615305 -0.98919538999439371 1.2412346601486206 1.1948550564310927 4.4614653738175516
minute 3.5386902151464454 -0.012643434087841854 -6.9759073041602822 -10.737984116478717 -15.961050742747222 -19.686758397556275 -20 -20 -20 0.55167938928998672 -0.95365942610084609 1.2267992496490479 0.99969169062491381 4.4777039821831952
minute 3.48860477255718 -0.061276837965387188 -5.3178334893524495 -6.037534227531113 -10.747489032391293 -16.484332571966512 -18.622670648793072 -19.674245332395 -20 0.40023940699711169 -0.98961869068098318 1.2896347045898438 1.1844449755931954 4.2342470175863207
take 7 1 0.40641096234321594 -20.979853848744455 -27.609331557738926 -1.4719317726349033 -113.8246959553954 1 1 1 1
minute 3.4482950129519154 -0.079633006418186852 -4.2436414455268805 -12.419627338377255 -16.872012380090293 -18.84856661228137 -19.944812689904616 -20 -20 0.40832120133236027 -0.97425757877166219 1.1817619800567627 1.0374446258488661 4.4733106213987908
minute 3.6572696499779527 -0.018808031638170537 -6.3057745015988615 -13.795998410990254 -18.300387860548785 -20 -20 -20 -20 0.42461250825430885 -0.99106028884396524 1.3673838376998901 0.65813157615777573 4.0692436699955152
minute 3.6192581263849535 -0.01145819030133784 -7.0469132805287149 -13.023407240477788 -14.495399248338494 -15.925287279090647 -17.808228324146377 -18.731282138979957 -19.430206199360114 0.41890331870761788 -1.0079334041980872 1.4394145011901855 0.72083050470282883 3.9727667539253653
take 8 1 0.51755315065383911 -19.830007002194257 -27.765963855291609 0.31981947417052936 -120.48686273578517 1 1 1 1
minute 3.6277065520833389 -0.0096154343400698394 -7.2946110088542868 -13.173570289292046 -16.017147439938153 -17.335834587953627 -18.335363375345374 -19.264318859728171 -19.963632662036012 0.42306899163252915 -1.0043947986243207 1.2989485263824463 0.62403031305859102 3.9896576284285659
minute 3.4852132276214967 -0.089020769763161894 -4.0886738409118166 -12.26514640238118 -14.280537144200347 -15.663709097640004 -17.197622306601506 -18.127551641862929 -18.827885772319725 0.33813751316557417 -1.0009787842669846 1.427384614944458 0.68002887446228899 4.2878933992569408
minute 3.5837997942505901 -0.030952785859483356 -5.6928260542788225 -10.64571587765171 -10.144543468568475 -16.753672282501995 -18.683365446658144 -19.607013458221907 -20 0.41392416185567033 -1.0241966530507249 1.3876895904541016 0.77544708310577171 4.1930976975596987
mean 3.5423441500237116 -0.028810822506365241 -6.4847050096842205 -11.656822013046773 -14.222699503920598 -17.630194126158173 -19.10936890765165 -19.587244036711304 -19.851810386142986 0.44006409464057317 -0.99095692162320159 1.3275177776813507 0.86516834130938447 4.2601517450757935
selfDistance 3.6619963428523676
levelTwinD 4.0494524741252822e-06
storedMacros 0 0
cells 79
cell 1 1 1 3.9837070270275126 7.3239926857047353 -1
skip 
cell 1 1 1 6.5378017676821596 7.3239926857047353 -1
skip 
cell 1 1 1 1.0030562671069205 7.3239926857047353 -1
skip 
cell 1 1 1 0.025155846876567783 7.3239926857047353 -1
skip 
cell 1 1 1 0.96194336999063257 7.3239926857047353 -1
skip 
cell 1 1 1 1.621432541095611 7.3239926857047353 -1
skip 
cell 1 1 1 5.8505391671097744 7.3239926857047353 -1
skip 
cell 1 1 1 0.55448416979155979 7.3239926857047353 -1
skip 
cell 1 1 1 1.8646534701927213 7.3239926857047353 -1
skip 
cell 1 1 1 17.813012655520662 7.3239926857047353 -1
skip 
cell 0 1 0 0 7.3239926857047353 -1
skip M displacement
cell 0 1 0 0 7.3239926857047353 -1
skip M displacement
cell 0 1 0 0 7.3239926857047353 -1
skip M displacement
cell 0 1 0 0 7.3239926857047353 -1
skip M displacement
cell 0 1 0 0 7.3239926857047353 -1
skip M displacement
cell 1 1 1 6.0769459503081817 7.3239926857047353 -1
skip 
cell 0 1 0 0 7.3239926857047353 -1
skip M displacement
cell 0 1 0 0 7.3239926857047353 -1
skip M displacement
cell 0 1 0 0 7.3239926857047353 -1
skip M displacement
cell 0 1 0 0 7.3239926857047353 -1
skip M displacement
cell 0 1 0 0 7.3239926857047353 -1
skip M displacement
cell 0 1 0 0 7.3239926857047353 -1
skip M displacement
cell 1 1 1 5.190995088388684 4.0192215428002909 9.4229588694294044
skip 
cell 1 1 1 5.630513451233627 3.4250893645933544 9.4229588694294044
skip 
cell 1 1 1 7.7991711422144006 4.0018441301903414 9.4229588694294044
skip 
cell 1 1 1 9.4350185148856482 3.7799666544691259 9.4229588694294044
skip 
cell 1 1 1 9.3615709948083374 3.5182662678137251 9.4229588694294044
skip 
cell 0 1 0 0 7.3239926857047353 -1
skip side predicate
cell 0 1 0 0 7.3239926857047353 -1
skip side predicate
cell 0 1 0 0 0 -1
skip state-only kind
cell 0 1 0 0 0 -1
skip state-only kind
cell 0 1 0 0 0 -1
skip state-only kind
cell 0 1 0 0 0 -1
skip state-only kind
cell 0 1 0 0 0 -1
skip state-only kind
cell 1 1 0 0 0 -1
skip state-only kind
cell 1 1 0 0 0 -1
skip state-only kind
cell 0 1 0 0 0 -1
skip state-only kind
cell 0 1 0 0 0 -1
skip state-only kind
cell 0 1 0 0 0 -1
skip state-only kind
cell 0 1 0 0 0 -1
skip state-only kind
cell 1 1 0 0 0 -1
skip state-only kind
cell 1 1 1 3.9837070270275126 0 -1
skip 
cell 1 1 1 3.9837070270275126 0 -1
skip 
cell 1 1 1 3.9837070270275126 0 -1
skip 
cell 1 1 1 3.9837070270275126 0 -1
skip 
cell 0 1 0 0 0 -1
skip state-only kind
cell 0 1 0 0 0 -1
skip state-only kind
cell 0 1 0 0 0 -1
skip state-only kind
cell 0 1 0 0 0 -1
skip state-only kind
cell 0 1 0 0 0 -1
skip state-only kind
cell 1 1 0 0 0 -1
skip state-only kind
cell 0 1 0 0 0 -1
skip state-only kind
cell 0 1 0 0 0 -1
skip state-only kind
cell 0 1 0 0 0 -1
skip state-only kind
cell 0 1 0 0 0 -1
skip state-only kind
cell 0 1 0 0 0 -1
skip state-only kind
cell 0 1 0 0 0 -1
skip state-only kind
cell 0 1 0 0 0 -1
skip state-only kind
cell 0 1 0 0 0 -1
skip state-only kind
cell 1 1 0 0 0 -1
skip state-only kind
cell 1 0 0 0 0 -1
skip state-only kind
cell 0 0 0 0 0 -1
skip state-only kind
cell 0 0 0 0 0 -1
skip state-only kind
cell 1 0 0 0 0 -1
skip state-only kind
cell 0 0 0 0 0 -1
skip state-only kind
cell 0 0 0 0 0 -1
skip state-only kind
cell 1 1 0 0 0 -1
skip state-only kind
cell 0 1 0 0 0 -1
skip state-only kind
cell 0 1 0 0 0 -1
skip state-only kind
cell 1 1 0 0 0 -1
skip state-only kind
cell 0 0 0 0 0 -1
skip state-only kind
cell 1 1 0 0 0 -1
skip state-only kind
cell 0 1 0 0 0 -1
skip state-only kind
cell 0 1 0 0 0 -1
skip state-only kind
cell 1 1 0 0 0 -1
skip state-only kind
cell 0 1 0 0 7.3239926857047353 -1
skip state false
cell 0 1 0 0 7.3239926857047353 -1
skip state false
cell 0 1 0 0 7.3239926857047353 -1
skip state false
cell 0 1 0 0 7.3239926857047353 -1
skip state false
gesture 0 0 0 0 0
rates 1 0.38484707474708557 -22.225338669101799 1 0.35456335544586182 -21.076509350712151
reproducible 1
end
