vorago-sweep-record 2
name Endless Descent
takeCount 4
timeline 155 40.000066406249999 27 160 220 160 220 220 280 280 340 340 412.00006640624997 422.00006640624997 422.00006640624997 0
takes 4
take 12 1 0.11980163305997849 -31.497542592146694 -36.543724393756584 0.22866664113051627 -215.17718785953787 1 1 1 1
minute 3.1354776425914843 -0.084137085495600644 -4.3646707880577651 -7.2235243167092804 -10.757303996295777 -16.556802730878545 -17.905003413685705 -18.986442972914098 -19.779521995252335 0.42514459864723747 -1.0016392812579977 1.3805603981018066 0.77458725914486448 4.7767770098102407
minute 3.2793313452428281 -0.090027632760455362 -4.2700818486463819 -7.1305427203756171 -10.576869544795864 -17.586486475185097 -19.279893053921633 -20 -20 0.48418112925628998 -0.98082612581529616 1.5216798782348633 0.65728119845403721 4.4771645829719198
minute 3.5214180467116969 -0.069587877441747992 -4.5892115580278743 -7.8093965332076154 -11.500561074579615 -15.550060675725605 -16.795887463001176 -17.841969732101557 -18.623574971904432 0.41744814652861689 -1.0319522707012887 1.4673888683319092 0.87653061427499301 4.5638555451846852
take 13 1 0.16621458530426025 -30.792619834447489 -37.716556917862107 -0.29402160602739968 -212.96979239129297 1 1 1 1
minute 3.0303660620096218 -0.085783701830282638 -4.3108086509348 -7.4004975289690478 -10.746061671144311 -16.949883506307543 -19.45145375262528 -20 -20 0.42387577228089524 -0.96518525879064632 1.4433145523071289 1.0664585741999133 4.8797979534439921
minute 3.1792664509786968 -0.08531813679599054 -4.3137791378422889 -7.4414692480031066 -10.832120704003524 -16.302381663794897 -20 -20 -20 0.40440667697266447 -0.99558210336220099 1.4649347066879272 0.90734011340953291 4.7927905682650547
minute 3.2952983642179277 -0.10023634568983888 -4.0965051724481727 -7.1718111832768443 -10.320078257589358 -16.288973346168792 -19.364804731983057 -20 -20 0.41268380010285549 -0.99899237096742421 1.5747659206390381 1.2250638577781732 4.8190267055380538
take 14 1 0.12529698014259338 -30.940021094114464 -35.495653880957718 1.1753392736436368 -225.67027709739293 1 1 1 1
minute 3.4506865537583877 -0.15718923644873919 -3.3925073738565836 -7.3270346749370789 -10.848615971036141 -17.62556819051542 -19.773069571783246 -20 -20 0.38903487453264857 -1.0701472418264677 1.8912504911422729 0.77737720815872946 4.4663079235976895
minute 3.3783838030835867 -0.10110490981082165 -4.0083555194166269 -7.8742350037197868 -11.427811279214971 -17.263443389427877 -18.970254025234723 -20 -20 0.39615054385354548 -1.0923320536762982 1.7928143739700317 0.7064961708265286 4.5448277235079653
minute 3.2375910139520094 -0.099417473041422483 -4.0851928370520056 -7.3315622951545949 -10.863655244671877 -17.016544275086197 -18.570062586169495 -19.772922828873234 -20 0.44184342000509769 -1.0071842738903276 1.8210393190383911 0.76866561012129297 4.6386320205831071
take 15 1 0.11998036503791809 -32.656135904970427 -41.238351839685322 0.94420679465402202 -222.62989610825403 1 1 1 1
minute 3.3762673861133949 -0.11263061509586217 -3.9117326487998243 -7.156255746000288 -10.624040656318599 -16.970536957048971 -19.511384521696513 -20 -20 0.36354766986003262 -1.004783462452945 1.3557765483856201 1.6495034661435135 5.1466652008960256
minute 3.1335227860371568 -0.10682292630469684 -4.0094403897840341 -7.0678371579357719 -10.234199218971565 -16.398752394853172 -18.171188108964714 -19.367357987979968 -20 0.36057185890629467 -1.0443098177984018 1.378339409828186 1.0545856348247138 4.6493137210187925
minute 3.3639951903175054 -0.077899580097238186 -4.4215787603181145 -7.7381614743246079 -11.146279259455961 -17.084000695737704 -18.960438743919003 -20 -20 0.34748916401936042 -1.0163621978465123 1.4211825132369995 0.76412054367883797 4.6153685888652909
mean 3.281800387084524 -0.09751296006772471 -4.1478220570987059 -7.3893606568844703 -10.823133073173128 -16.799452858394151 -18.896119997748709 -19.664057793489068 -19.866924747263063 0.40553147124712818 -1.0174413715321504 1.5427539149920144 0.93566752091792749 4.6975439619735688
selfDistance 1.1381590938418504
levelTwinD 7.8578770567160854e-07
storedMacros 0 0
cells 79
cell 1 1 1 0.14971785654606792 2.2763181876837009 -1
skip 
cell 1 1 1 1.22123112965563 2.2763181876837009 -1
skip 
cell 1 1 1 0.15018510101487245 2.2763181876837009 -1
skip 
cell 1 1 1 0.005957169715118147 2.2763181876837009 -1
skip 
cell 1 1 1 1.4672495774491932 2.2763181876837009 -1
skip 
cell 1 1 1 0.11790739160323342 2.2763181876837009 -1
skip 
cell 1 1 1 2.878713075785388 2.2763181876837009 -1
skip 
cell 1 1 1 9.7431268579571011 2.2763181876837009 -1
skip 
cell 1 1 1 2.9963179061208765 2.2763181876837009 -1
skip 
cell 1 1 1 8.466318236559518 2.2763181876837009 -1
skip 
cell 0 1 0 0 2.2763181876837009 -1
skip M displacement
cell 0 1 0 0 2.2763181876837009 -1
skip M displacement
cell 0 1 0 0 2.2763181876837009 -1
skip M displacement
cell 0 1 0 0 2.2763181876837009 -1
skip M displacement
cell 0 1 0 0 2.2763181876837009 -1
skip M displacement
cell 0 1 0 0 2.2763181876837009 -1
skip M displacement
cell 0 1 0 0 2.2763181876837009 -1
skip M displacement
cell 0 1 0 0 2.2763181876837009 -1
skip M displacement
cell 0 1 0 0 2.2763181876837009 -1
skip M displacement
cell 0 1 0 0 2.2763181876837009 -1
skip M displacement
cell 1 1 1 8.9962576429099155 2.2763181876837009 -1
skip 
cell 0 1 0 0 2.2763181876837009 -1
skip M displacement
cell 1 1 1 0.67541613138648526 3.8882637984219994 0.50525931286828873
skip 
cell 1 1 1 0.73851112811561315 4.7431133960844489 0.50525931286828873
skip 
cell 1 1 1 1.1430059763325764 3.5952867553026855 0.50525931286828873
skip 
cell 1 1 1 0.50083748330545741 4.1400601885570607 0.50525931286828873
skip 
cell 1 1 1 2.7231756955710744 3.6763246970541772 0.50525931286828873
skip 
cell 0 1 0 0 2.2763181876837009 -1
skip side predicate
cell 0 1 0 0 2.2763181876837009 -1
skip side predicate
cell 0 1 0 0 0 -1
skip state-only kind
cell 0 1 0 0 0 -1
skip state-only kind
cell 0 1 0 0 0 -1
skip state-only kind
cell 0 1 0 0 0 -1
skip state-only kind
cell 0 1 0 0 0 -1
skip state-only kind
cell 1 1 0 0 0 -1
skip state-only kind
cell 1 1 0 0 0 -1
skip state-only kind
cell 0 1 0 0 0 -1
skip state-only kind
cell 0 1 0 0 0 -1
skip state-only kind
cell 0 1 0 0 0 -1
skip state-only kind
cell 0 1 0 0 0 -1
skip state-only kind
cell 1 1 0 0 0 -1
skip state-only kind
cell 1 0 1 0.14971785654606792 0 -1
skip 
cell 1 0 1 0.14971785654606792 0 -1
skip 
cell 1 0 1 0.14971785654606792 0 -1
skip 
cell 1 0 1 0.14971785654606792 0 -1
skip 
cell 0 0 0 0 0 -1
skip state-only kind
cell 0 0 0 0 0 -1
skip state-only kind
cell 0 0 0 0 0 -1
skip state-only kind
cell 0 0 0 0 0 -1
skip state-only kind
cell 0 0 0 0 0 -1
skip state-only kind
cell 1 0 0 0 0 -1
skip state-only kind
cell 0 0 0 0 0 -1
skip state-only kind
cell 0 0 0 0 0 -1
skip state-only kind
cell 0 0 0 0 0 -1
skip state-only kind
cell 0 0 0 0 0 -1
skip state-only kind
cell 0 0 0 0 0 -1
skip state-only kind
cell 0 0 0 0 0 -1
skip state-only kind
cell 0 0 0 0 0 -1
skip state-only kind
cell 0 0 0 0 0 -1
skip state-only kind
cell 1 0 0 0 0 -1
skip state-only kind
cell 1 0 0 0 0 -1
skip state-only kind
cell 0 0 0 0 0 -1
skip state-only kind
cell 0 0 0 0 0 -1
skip state-only kind
cell 1 0 0 0 0 -1
skip state-only kind
cell 0 0 0 0 0 -1
skip state-only kind
cell 0 0 0 0 0 -1
skip state-only kind
cell 1 1 0 0 0 -1
skip state-only kind
cell 0 1 0 0 0 -1
skip state-only kind
cell 0 1 0 0 0 -1
skip state-only kind
cell 1 1 0 0 0 -1
skip state-only kind
cell 0 0 0 0 0 -1
skip state-only kind
cell 1 1 0 0 0 -1
skip state-only kind
cell 0 1 0 0 0 -1
skip state-only kind
cell 0 1 0 0 0 -1
skip state-only kind
cell 1 1 0 0 0 -1
skip state-only kind
cell 0 1 0 0 2.2763181876837009 -1
skip state false
cell 0 1 0 0 2.2763181876837009 -1
skip state false
cell 0 1 0 0 2.2763181876837009 -1
skip state false
cell 0 1 0 0 2.2763181876837009 -1
skip state false
gesture 0 0 0 0 0
rates 1 0.13298507034778595 -30.636285419208924 1 0.14932745695114136 -30.612966214282039
reproducible 1
end
