vorago-sweep-record 2
name Cathedral Void
takeCount 4
timeline 155 30.000119140624999 55.000076293945312 160 220 160 220 220 280 280 340 340 430.00019543457029 440.00019543457029 440.00019543457029 0
takes 4
take 5 1 0.11922425031661987 -32.420537127145309 -34.848818287117354 -0.18352002467597117 -205.05578723996479 1 1 1 1
minute 3.9107304055379197 -0.10866462083197821 -4.2138479056089055 -6.0560816355408988 -8.628853586624631 -14.354284067624583 -17.162589613360197 -19.20306147769498 -20 0.36093766759846663 -1.1389052185555197 -0.16199393570423126 0.68283229562532788 4.4567991979071104
minute 3.8697786506520515 -0.090712077058699464 -4.4993825126395208 -6.2500659130869369 -8.5838431674604099 -14.411403305912117 -17.316703760864151 -18.946911888950101 -19.914915591325855 0.35550891699295545 -1.1338154254206183 -0.17110615968704224 0.61134454624790668 4.2497457863273107
minute 4.2528286708603904 -0.097524495666718281 -4.3368149696462481 -6.296064617640198 -8.8680095873888636 -14.630793615465493 -17.851393979222628 -19.708005746383641 -20 0.30559246270779089 -1.2082165312961466 -0.20958231389522552 0.8368164384543908 4.3242881208417128
take 6 1 0.11483749002218246 -31.623498359389348 -37.205586426202572 0.33071835202744637 -201.71806446538943 1 1 1 1
minute 4.2353129971837946 -0.098624821297479542 -4.4021070417015924 -5.975356056781 -9.0837619983286615 -14.383095367146966 -16.998609765443128 -18.341468197976958 -19.240244121130537 0.31192949912072504 -1.2314851011034076 -0.23842312395572662 0.90827401741689362 4.4527450373600779
minute 3.9057955751795035 -0.088594401466901701 -4.6238042892623641 -6.0689268364584823 -8.350441069248955 -13.135751378299297 -17.897262346485995 -20 -20 0.28542218339133346 -1.1382782413620258 0.057561088353395462 1.037587302836902 4.9209779710974413
minute 3.8510066713812727 -0.13444032780091436 -3.9551095597831791 -5.6953477809153696 -8.1328219738180501 -11.465632121235631 -14.552477353540336 -18.241549650727144 -20 0.29032777099616747 -1.1632473287724163 -0.28467491269111633 1.4054578453444186 4.3724400525282148
take 7 1 0.12008122354745865 -32.019260438942659 -35.539494822354342 -0.055357770997389366 -196.7145711417713 1 1 1 1
minute 3.9987638495620885 -0.10066399160745476 -4.4349071011023344 -5.8704171339802684 -8.3761263506382395 -14.619176433395959 -17.770415339767062 -19.566374004331287 -20 0.33470850701272686 -1.1421494052838279 -0.20735837519168854 0.904899429099569 4.2237766332062252
minute 3.8091286821949026 -0.10745589160599422 -4.2468319075899617 -5.9443275118076873 -9.1416371373746976 -14.508231416120587 -17.222614250159094 -18.519098926248827 -19.35199601354968 0.34576876540438684 -1.1010794125548129 -0.13725179433822632 0.8030481260647262 4.2601245129304921
minute 4.2841884659397849 -0.12536812175510903 -4.0794106498242062 -5.609929578658674 -8.7087738981781833 -14.828044374076413 -18.364917886612787 -20 -20 0.32509232522254872 -1.2626328168571972 -0.30660551786422729 0.99771375212023672 4.2669369229534677
take 8 1 0.11290430277585983 -31.636410435120226 -34.760819919134605 -0.59959533298678735 -202.15705558805121 1 1 1 1
minute 4.0652811818070003 -0.090916259718262893 -4.5101492639322531 -6.1246296771122193 -9.0507742026408753 -14.802787352116846 -17.319902119550481 -18.538104814583555 -19.33750680199941 0.28430310446346246 -1.1969075645258516 -0.38804829120635986 0.60456838006759683 4.0278960251481637
minute 4.1167987275235536 -0.097636130947414301 -4.3604290676341382 -6.2076077217367427 -8.8724620238213934 -13.270022017110069 -16.378827333339565 -18.622047665135341 -19.516749884345401 0.25106327813275564 -1.2002045598203268 -0.42634186148643494 0.74034609294381304 4.1751161222823114
minute 4.2956465251556892 -0.079284923889278019 -4.6423534383070972 -6.5289718296388459 -9.2344983722603118 -13.323719117180424 -16.250403143560902 -19.818997725486323 -20 0.306680526681539 -1.2426387189229748 -0.42958736419677734 0.72597822495453157 4.1424131728172258
mean 4.0496050335814964 -0.10165717197051706 -4.3587623089193164 -6.0523105244464439 -8.7526669473152729 -13.977745047140367 -17.090509740992196 -19.125468341459847 -19.780117701029241 0.31311125064373813 -1.1799633603729272 -0.24195104682197172 0.85490553759802612 4.3227716296166463
selfDistance 1.327803445114649
levelTwinD 5.1455382268201181e-06
storedMacros 0 0
cells 79
cell 1 1 1 0.18781148710587031 2.655606890229298 -1
skip 
cell 1 1 1 2.7606914102712397 2.655606890229298 -1
skip 
cell 1 1 1 0.60881558291468618 2.655606890229298 -1
skip 
cell 1 1 1 0.0045552917735979118 2.655606890229298 -1
skip 
cell 1 1 1 1.5371918305963004 2.655606890229298 -1
skip 
cell 1 1 1 0.55441973053460325 2.655606890229298 -1
skip 
cell 1 1 1 4.1692188977583466 2.655606890229298 -1
skip 
cell 1 1 1 10.468448951442182 2.655606890229298 -1
skip 
cell 1 1 1 2.8754913095798811 2.655606890229298 -1
skip 
cell 1 1 1 17.038731739542719 2.655606890229298 -1
skip 
cell 0 1 0 0 2.655606890229298 -1
skip M displacement
cell 0 1 0 0 2.655606890229298 -1
skip M displacement
cell 0 1 0 0 2.655606890229298 -1
skip M displacement
cell 0 1 0 0 2.655606890229298 -1
skip M displacement
cell 0 1 0 0 2.655606890229298 -1
skip M displacement
cell 0 1 0 0 2.655606890229298 -1
skip M displacement
cell 0 1 0 0 2.655606890229298 -1
skip M displacement
cell 0 1 0 0 2.655606890229298 -1
skip M displacement
cell 0 1 0 0 2.655606890229298 -1
skip M displacement
cell 0 1 0 0 2.655606890229298 -1
skip M displacement
cell 0 1 0 0 2.655606890229298 -1
skip M displacement
cell 0 1 0 0 2.655606890229298 -1
skip M displacement
cell 1 1 1 1.7574564071331988 4.8487935505050368 2.344919895806147
skip 
cell 1 1 1 0.72376728423845149 4.7042072653909921 2.344919895806147
skip 
cell 1 1 1 2.6684865972892724 5.202360320877002 2.344919895806147
skip 
cell 1 1 1 2.3410886384669887 5.6897639628354728 2.344919895806147
skip 
cell 1 1 1 3.247618421039471 3.0910278881668716 2.344919895806147
skip 
cell 0 1 0 0 2.655606890229298 -1
skip side predicate
cell 0 1 0 0 2.655606890229298 -1
skip side predicate
cell 0 1 0 0 0 -1
skip state-only kind
cell 0 1 0 0 0 -1
skip state-only kind
cell 0 1 0 0 0 -1
skip state-only kind
cell 0 1 0 0 0 -1
skip state-only kind
cell 0 1 0 0 0 -1
skip state-only kind
cell 1 1 0 0 0 -1
skip state-only kind
cell 1 1 0 0 0 -1
skip state-only kind
cell 0 1 0 0 0 -1
skip state-only kind
cell 0 1 0 0 0 -1
skip state-only kind
cell 0 1 0 0 0 -1
skip state-only kind
cell 0 1 0 0 0 -1
skip state-only kind
cell 1 1 0 0 0 -1
skip state-only kind
cell 1 0 1 0.18781148710587031 0 -1
skip 
cell 1 0 1 0.18781148710587031 0 -1
skip 
cell 1 0 1 0.18781148710587031 0 -1
skip 
cell 1 0 1 0.18781148710587031 0 -1
skip 
cell 0 0 0 0 0 -1
skip state-only kind
cell 0 0 0 0 0 -1
skip state-only kind
cell 0 0 0 0 0 -1
skip state-only kind
cell 0 0 0 0 0 -1
skip state-only kind
cell 0 0 0 0 0 -1
skip state-only kind
cell 1 0 0 0 0 -1
skip state-only kind
cell 0 0 0 0 0 -1
skip state-only kind
cell 0 0 0 0 0 -1
skip state-only kind
cell 0 0 0 0 0 -1
skip state-only kind
cell 0 0 0 0 0 -1
skip state-only kind
cell 0 0 0 0 0 -1
skip state-only kind
cell 0 0 0 0 0 -1
skip state-only kind
cell 0 1 0 0 0 -1
skip state-only kind
cell 0 1 0 0 0 -1
skip state-only kind
cell 1 1 0 0 0 -1
skip state-only kind
cell 1 0 0 0 0 -1
skip state-only kind
cell 0 0 0 0 0 -1
skip state-only kind
cell 0 0 0 0 0 -1
skip state-only kind
cell 1 1 0 0 0 -1
skip state-only kind
cell 0 1 0 0 0 -1
skip state-only kind
cell 0 1 0 0 0 -1
skip state-only kind
cell 1 1 0 0 0 -1
skip state-only kind
cell 0 1 0 0 0 -1
skip state-only kind
cell 0 1 0 0 0 -1
skip state-only kind
cell 1 1 0 0 0 -1
skip state-only kind
cell 1 1 1 0 0 -1
skip 
cell 1 1 0 0 0 -1
skip state-only kind
cell 0 1 0 0 0 -1
skip state-only kind
cell 0 1 0 0 0 -1
skip state-only kind
cell 1 1 0 0 0 -1
skip state-only kind
cell 0 1 0 0 2.655606890229298 -1
skip state false
cell 0 1 0 0 2.655606890229298 -1
skip state false
cell 0 1 0 0 2.655606890229298 -1
skip state false
cell 0 1 0 0 2.655606890229298 -1
skip state false
gesture -40.929847472066655 -41.296510946978813 -53.333669101432591 -124.37940757056626 1
rates 1 0.11219613999128342 -31.813204723560776 1 0.10681770741939545 -31.486061173825487
reproducible 1
end
