vorago-sweep-record 2
name Wind Through Basalt
takeCount 4
timeline 155 45 5.9999871253967285 160 220 160 220 220 280 280 340 340 395.99998712539673 405.99998712539673 405.99998712539673 0
takes 4
take 2 1 0.36561152338981628 -21.698109799740713 -27.542193534677878 0.45879739102002404 -131.05464790912563 1 1 1 1
minute 6.1695275499142754 -0.0049997014670140061 -8.2281631658529903 -14.772296213394327 -17.463843297583043 -18.791543731320409 -19.832367648207786 -20 -20 0.44797780233123247 -1.8331381903920954 2.9530253410339355 1.3729285391037518 4.3543421267341227
minute 6.1178231151595099 -0.0044705831313459985 -8.3989398666257671 -14.623900688477818 -16.580514696270228 -17.675658841552195 -18.670169274932309 -19.595939909563274 -20 0.46828797950336648 -1.8174016798565142 2.86965012550354 1.4618186034052054 4.4163414808646211
minute 6.1748153624586433 -0.0081924593593759205 -7.5189791434561428 -14.089455374190395 -15.854848856781915 -16.927640537303954 -17.917850179027106 -18.842099803061089 -19.540523045496723 0.45995777537289967 -1.8421228485345842 2.8916258811950684 1.1708512500706794 3.8353838750063973
take 3 1 0.34211218357086182 -21.351968839514399 -30.419674262269091 -0.25819079541543388 -125.05510034705851 1 1 1 1
minute 6.3058118293767969 -0.0040445971271481085 -8.5326589810914868 -15.222008656461052 -17.942694920585954 -19.234358252067807 -20 -20 -20 0.42746794155009693 -1.8882253469944363 2.8638830184936523 1.1223740480985092 3.6760731113425509
minute 5.9885666186034747 -0.0070971872549113373 -7.8326039401898218 -11.996689121608554 -13.542234311477069 -14.559533517494126 -15.543708663301345 -16.466851477995476 -17.166177640779289 0.39716511728994097 -1.8024237490663673 2.9890470504760742 1.3299509495085249 4.1218504992754292
minute 6.123322579414241 -0.024558508308553918 -5.9328040223425278 -12.786174409590794 -14.724899804126688 -15.796214102140533 -16.79289345995571 -17.719439706564287 -18.419932575410972 0.38788472295290277 -1.8076110694608047 3.1009624004364014 1.8472583767679651 4.4460976676477486
take 4 1 0.33253702521324158 -22.253740344765625 -27.514749550080808 1.7186472867412093 -133.71887897706821 1 1 1 1
minute 6.2554770607802741 -0.0088359515662901345 -7.4128570212130214 -13.443227754075448 -16.57926607889268 -17.703201761920582 -18.697951833216294 -19.624673685849658 -20 0.33641771838264134 -1.8735644307441475 3.0171997547149658 1.4468324578263314 4.0860853611906061
minute 6.1153464530916199 -0.0051998137223397594 -8.2083291365704305 -13.031165514465361 -17.025846871642806 -18.140532716354627 -19.139208282172788 -20 -20 0.51002722556267488 -1.8233381804181235 2.9643454551696777 1.2852047982989576 4.1179495484761093
minute 6.1979137755742721 -0.0047433896884664737 -8.3866886875886237 -12.313501149938926 -16.525795143375731 -17.604738166970858 -18.599287473915162 -19.525777685318783 -20 0.43403857124545947 -1.8406652382149338 2.8789482116699219 1.1651699396317496 3.9461812703941512
take 5 1 0.36357223987579346 -21.817676740923581 -28.836629523658143 1.7285710310994986 -133.22505780251225 1 1 1 1
minute 5.7146129890529469 -0.015985898535210669 -6.6633004755096792 -10.973469576237783 -12.141514051415481 -13.149609833321854 -14.131598873396557 -15.054453202460547 -15.753705218152534 0.45265336181532206 -1.7257416072428555 2.9798672199249268 1.7856540050160068 4.4431421162754745
minute 5.8564693791306306 -0.0097027002336507913 -7.3349957670065651 -11.895647855158682 -14.204217797679426 -15.216203722640937 -16.197552938183232 -17.119868485260735 -17.818759203026982 0.34561445584491468 -1.7125361981303686 2.9913873672485352 1.5905274856629965 4.7362179663466364
minute 6.1918166611950358 -0.01091242210116879 -7.3638385821991221 -9.7504910359590724 -13.782757375987098 -14.803457117642163 -15.787058157682953 -16.709707162414183 -17.409172975554846 0.32284914821248356 -1.8086137296821057 3.1405153274536133 1.8189255386217082 4.3017200261407549
mean 6.1009586144793087 -0.0090619343746229913 -7.6511798991371816 -12.908168945796515 -15.530702767151512 -16.633557691727503 -17.60913723199927 -18.388234259874 -18.842355888201777 0.41586181833866132 -1.8146151890614446 2.9700380961100259 1.4497913326676986 4.2067820874745498
selfDistance 2.1464095403961192
levelTwinD 8.0477099146357959e-06
storedMacros 0 0
cells 79
cell 1 1 1 4.9773600639542526 4.2928190807922384 -1
skip 
cell 1 1 1 0.56162159142764978 4.2928190807922384 -1
skip 
cell 1 1 1 3.194170425956063 4.2928190807922384 -1
skip 
cell 1 1 1 0.0071372580413925401 4.2928190807922384 -1
skip 
cell 1 1 1 2.6919814805698761 4.2928190807922384 -1
skip 
cell 1 1 1 0.56090382960909657 4.2928190807922384 -1
skip 
cell 1 1 1 3.5423879454465252 4.2928190807922384 -1
skip 
cell 1 1 1 1.2246058072035297 4.2928190807922384 -1
skip 
cell 1 1 1 1.4601407254602312 4.2928190807922384 -1
skip 
cell 1 1 1 8.1836829473061741 4.2928190807922384 -1
skip 
cell 0 1 0 0 4.2928190807922384 -1
skip M displacement
cell 0 1 0 0 4.2928190807922384 -1
skip M displacement
cell 0 1 0 0 4.2928190807922384 -1
skip M displacement
cell 0 1 0 0 4.2928190807922384 -1
skip M displacement
cell 0 1 0 0 4.2928190807922384 -1
skip M displacement
cell 0 1 0 0 4.2928190807922384 -1
skip M displacement
cell 0 1 0 0 4.2928190807922384 -1
skip M displacement
cell 0 1 0 0 4.2928190807922384 -1
skip M displacement
cell 0 1 0 0 4.2928190807922384 -1
skip M displacement
cell 0 1 0 0 4.2928190807922384 -1
skip M displacement
cell 0 1 0 0 4.2928190807922384 -1
skip M displacement
cell 0 1 0 0 4.2928190807922384 -1
skip M displacement
cell 1 1 1 0.28145282396252408 6.7649378640101299 0.34933309325717826
skip 
cell 1 1 1 1.0535072011089477 2.2890676518562638 0.34933309325717826
skip 
cell 1 1 1 2.5180808675811686 11.085389909790507 0.34933309325717826
skip 
cell 1 1 1 0.35162916907908598 6.3955248112144911 0.34933309325717826
skip 
cell 1 1 1 2.4758439350318953 7.7625194204494612 0.34933309325717826
skip 
cell 0 1 0 0 4.2928190807922384 -1
skip side predicate
cell 0 1 0 0 4.2928190807922384 -1
skip side predicate
cell 0 1 0 0 0 -1
skip state-only kind
cell 0 1 0 0 0 -1
skip state-only kind
cell 0 1 0 0 0 -1
skip state-only kind
cell 0 1 0 0 0 -1
skip state-only kind
cell 0 1 0 0 0 -1
skip state-only kind
cell 1 1 0 0 0 -1
skip state-only kind
cell 1 1 0 0 0 -1
skip state-only kind
cell 0 1 0 0 0 -1
skip state-only kind
cell 0 1 0 0 0 -1
skip state-only kind
cell 0 1 0 0 0 -1
skip state-only kind
cell 0 1 0 0 0 -1
skip state-only kind
cell 1 1 0 0 0 -1
skip state-only kind
cell 1 1 1 4.9773600639542526 0 -1
skip 
cell 0 1 1 4.9773600639542526 0 -1
skip 
cell 0 1 1 4.9773600639542526 0 -1
skip 
cell 0 1 1 4.9773600639542526 0 -1
skip 
cell 1 1 0 0 0 -1
skip state-only kind
cell 1 1 0 0 0 -1
skip state-only kind
cell 1 1 0 0 0 -1
skip state-only kind
cell 0 1 0 0 0 -1
skip state-only kind
cell 0 1 0 0 0 -1
skip state-only kind
cell 0 1 0 0 0 -1
skip state-only kind
cell 1 1 0 0 0 -1
skip state-only kind
cell 0 1 0 0 0 -1
skip state-only kind
cell 0 1 0 0 0 -1
skip state-only kind
cell 0 1 0 0 0 -1
skip state-only kind
cell 0 1 0 0 0 -1
skip state-only kind
cell 0 1 0 0 0 -1
skip state-only kind
cell 0 0 0 0 0 -1
skip state-only kind
cell 0 0 0 0 0 -1
skip state-only kind
cell 1 0 0 0 0 -1
skip state-only kind
cell 1 0 0 0 0 -1
skip state-only kind
cell 0 0 0 0 0 -1
skip state-only kind
cell 0 0 0 0 0 -1
skip state-only kind
cell 1 1 0 0 0 -1
skip state-only kind
cell 0 1 0 0 0 -1
skip state-only kind
cell 0 1 0 0 0 -1
skip state-only kind
cell 1 1 0 0 0 -1
skip state-only kind
cell 0 1 0 0 0 -1
skip state-only kind
cell 0 1 0 0 0 -1
skip state-only kind
cell 1 1 0 0 0 -1
skip state-only kind
cell 0 0 0 0 0 -1
skip state-only kind
cell 1 1 0 0 0 -1
skip state-only kind
cell 0 0 0 0 0 -1
skip state-only kind
cell 0 0 0 0 0 -1
skip state-only kind
cell 1 1 0 0 0 -1
skip state-only kind
cell 0 1 0 0 4.2928190807922384 -1
skip state false
cell 0 1 0 0 4.2928190807922384 -1
skip state false
cell 0 1 0 0 4.2928190807922384 -1
skip state false
cell 0 1 0 0 4.2928190807922384 -1
skip state false
gesture 0 0 0 0 0
rates 1 0.33186158537864685 -21.323746392283635 1 0.3609287440776825 -21.798498426984448
reproducible 1
end
