vorago-sweep-record 2
name Drifting Strata
takeCount 4
timeline 155 45 20 160 220 160 220 220 280 280 340 340 410 420 420 0
takes 4
take 3 1 0.96605092287063599 -14.286782092343266 -21.925953754567182 -1.6964635688952825 -162.30946306781749 1 1 1 1
minute 4.6496914822018054 -0.009662161740447317 -7.4535729439592764 -10.501785683628979 -12.963807433070315 -17.607855841227611 -18.844260152869097 -19.781394969948739 -20 0.44200914482010945 -1.3844178473082087 2.0868010520935059 1.2065308131698371 4.1644868667933821
minute 4.8035037626493207 -0.010188748190380181 -7.4372950636383806 -9.872530082670373 -14.801840345342733 -17.172397698503058 -18.362343806406852 -19.298792247840932 -19.996601191750592 0.59501346399632715 -1.3320227755542882 2.0926282405853271 1.0412791512285411 4.1678328142796417
minute 4.4538700987089719 -0.073969725465991815 -4.422011410730823 -9.2227270492463447 -10.087514034783684 -16.369616052592011 -17.853271557689272 -18.88432996011494 -19.587222998071468 0.35327544713121961 -1.3897609319807476 2.1493380069732666 1.3907299913167619 4.9580425228322094
take 4 1 0.96605086326599121 -15.009538527998165 -21.92450484759695 2.0764031896170465 -185.35299947286259 1 1 1 1
minute 4.9566787764067541 -0.014902920348781379 -6.7745810231624022 -10.178130647175518 -13.896941566641399 -17.602702618675821 -19.33985160384438 -20 -20 0.25714825164013105 -1.4995234736951331 2.3368391990661621 1.065015258162467 3.8329556276376886
minute 4.4105705715793491 -0.0081361310201278521 -7.5913526238052045 -11.721355603977045 -15.770949761218493 -19.682317537473978 -20 -20 -20 0.65817180503106587 -1.2685019009566099 1.8741440773010254 1.2631069962748487 4.5386085753175394
minute 4.6204957815967953 -0.0076254618523101669 -7.6650484910481973 -12.217174648337323 -15.752615793290161 -20 -20 -20 -20 0.43833709054237069 -1.3503495881839223 2.0003798007965088 0.67383650758697289 3.6335716598000993
take 5 1 0.96605092287063599 -14.323053632741896 -21.612363332949315 0.60621341297636988 -187.020554920964 1 1 1 1
minute 4.3983857275793472 -0.009602651113162608 -7.4066040718088191 -10.936858081407742 -13.61358656280934 -17.83199236327934 -19.405469754601427 -20 -20 0.63726038605510826 -1.3262662726960937 1.9113072156906128 1.3067698086276216 4.4463786752867565
minute 4.4301488751844591 -0.010875073082610005 -7.1808222844671912 -11.189377993454698 -15.219532999182107 -17.967172743500118 -19.527705167532559 -20 -20 0.27117309795874167 -1.3240532085901204 1.9934135675430298 1.2369104977899004 4.334179919504912
minute 4.7298665361965728 -0.0086418414262479822 -7.5566042860497555 -11.144715804955121 -13.587639161742601 -17.979128273199777 -19.507680854457114 -20 -20 0.60090510281484699 -1.3623629242868254 2.0993473529815674 1.1588955485510364 4.406247909592568
take 6 1 0.96605092287063599 -13.714818853829113 -21.217048409099984 0.97997628197390085 -181.59087728813449 1 1 1 1
minute 4.6627010174452916 -0.0080442236872713124 -7.6929601575889963 -10.911315365988763 -14.13062825012458 -16.039419546789112 -17.09865685720353 -18.024040057025658 -18.721841041215129 0.54772964905342103 -1.3315119227332912 2.0551285743713379 1.1762012309279546 4.6060883210622556
minute 2.3193395293395005 -0.0043553291024226812 -8.4647656731623435 -13.324776605503049 -16.149809059442561 -19.808412659002329 -20 -20 -20 0.42459533493760288 -1.2994138710497378 1.9031685590744019 0.86104214282562086 4.3223415511180505
minute 2.3504438175438978 -0.0038690872716150198 -8.689200107117351 -12.688954456793555 -14.854367053782092 -18.475499336733336 -19.809820400876319 -20 -20 0.29836636865392185 -1.3514841779516937 2.0071561336517334 1.0718503853571435 4.4452639835950176
mean 4.2321413313693386 -0.014156112858447362 -7.3612348447115608 -11.159141835261543 -14.235769335119173 -18.044709555914707 -19.145755012956712 -19.665713102910857 -19.858805435919763 0.46033209521957225 -1.3516390745822229 2.042470981677373 1.1210140276515588 4.3213332022350102
selfDistance 2.7530621701092142
levelTwinD 5.1466567256273531e-06
storedMacros 0 0
cells 79
cell 1 1 1 1.101290175080855 5.5061243402184283 -1
skip 
cell 1 1 1 4.7788672673913855 5.5061243402184283 -1
skip 
cell 1 1 1 1.4324710894571413 5.5061243402184283 -1
skip 
cell 1 1 1 0.01859728796126859 5.5061243402184283 -1
skip 
cell 1 1 1 1.8742775529286582 5.5061243402184283 -1
skip 
cell 1 1 1 0.16952347293469286 5.5061243402184283 -1
skip 
cell 1 1 1 9.4832933746454326 5.5061243402184283 -1
skip 
cell 1 1 1 0.63227949614599244 5.5061243402184283 -1
skip 
cell 1 1 1 4.4673722925499604 5.5061243402184283 -1
skip 
cell 1 1 1 14.445507133315408 5.5061243402184283 -1
skip 
cell 0 1 0 0 5.5061243402184283 -1
skip M displacement
cell 0 1 0 0 5.5061243402184283 -1
skip M displacement
cell 0 1 0 0 5.5061243402184283 -1
skip M displacement
cell 1 1 1 0.87452357450863449 5.5061243402184283 -1
skip 
cell 0 1 0 0 5.5061243402184283 -1
skip M displacement
cell 0 1 0 0 5.5061243402184283 -1
skip M displacement
cell 0 1 0 0 5.5061243402184283 -1
skip M displacement
cell 0 1 0 0 5.5061243402184283 -1
skip M displacement
cell 0 1 0 0 5.5061243402184283 -1
skip M displacement
cell 0 1 0 0 5.5061243402184283 -1
skip M displacement
cell 0 1 0 0 5.5061243402184283 -1
skip M displacement
cell 0 1 0 0 5.5061243402184283 -1
skip M displacement
cell 1 1 1 1.3749688793276091 6.6675142655981423 1.1973933634820424
skip 
cell 1 1 1 4.6209532299404623 8.6512972599919671 1.1973933634820424
skip 
cell 1 1 1 2.0103520395998524 4.6774778750208821 1.1973933634820424
skip 
cell 1 1 1 1.1934917824542521 6.6388611028674314 1.1973933634820424
skip 
cell 1 1 1 5.3614222187487615 8.0888060062735541 1.1973933634820424
skip 
cell 0 1 0 0 5.5061243402184283 -1
skip side predicate
cell 0 1 0 0 5.5061243402184283 -1
skip side predicate
cell 0 1 0 0 0 -1
skip state-only kind
cell 0 1 0 0 0 -1
skip state-only kind
cell 0 1 0 0 0 -1
skip state-only kind
cell 0 1 0 0 0 -1
skip state-only kind
cell 0 1 0 0 0 -1
skip state-only kind
cell 1 1 0 0 0 -1
skip state-only kind
cell 1 1 0 0 0 -1
skip state-only kind
cell 0 1 0 0 0 -1
skip state-only kind
cell 0 1 0 0 0 -1
skip state-only kind
cell 0 1 0 0 0 -1
skip state-only kind
cell 0 1 0 0 0 -1
skip state-only kind
cell 1 1 0 0 0 -1
skip state-only kind
cell 1 0 1 1.101290175080855 0 -1
skip 
cell 1 0 1 1.101290175080855 0 -1
skip 
cell 1 0 1 1.101290175080855 0 -1
skip 
cell 1 0 1 1.101290175080855 0 -1
skip 
cell 0 0 0 0 0 -1
skip state-only kind
cell 0 0 0 0 0 -1
skip state-only kind
cell 0 0 0 0 0 -1
skip state-only kind
cell 0 0 0 0 0 -1
skip state-only kind
cell 0 0 0 0 0 -1
skip state-only kind
cell 1 0 0 0 0 -1
skip state-only kind
cell 0 0 0 0 0 -1
skip state-only kind
cell 0 0 0 0 0 -1
skip state-only kind
cell 0 0 0 0 0 -1
skip state-only kind
cell 0 0 0 0 0 -1
skip state-only kind
cell 0 0 0 0 0 -1
skip state-only kind
cell 0 0 0 0 0 -1
skip state-only kind
cell 0 1 0 0 0 -1
skip state-only kind
cell 0 1 0 0 0 -1
skip state-only kind
cell 1 1 0 0 0 -1
skip state-only kind
cell 1 0 0 0 0 -1
skip state-only kind
cell 0 0 0 0 0 -1
skip state-only kind
cell 0 0 0 0 0 -1
skip state-only kind
cell 1 1 0 0 0 -1
skip state-only kind
cell 0 1 0 0 0 -1
skip state-only kind
cell 0 1 0 0 0 -1
skip state-only kind
cell 1 1 0 0 0 -1
skip state-only kind
cell 0 1 0 0 0 -1
skip state-only kind
cell 0 1 0 0 0 -1
skip state-only kind
cell 1 1 0 0 0 -1
skip state-only kind
cell 0 0 0 0 0 -1
skip state-only kind
cell 1 1 0 0 0 -1
skip state-only kind
cell 0 1 0 0 0 -1
skip state-only kind
cell 0 1 0 0 0 -1
skip state-only kind
cell 1 1 0 0 0 -1
skip state-only kind
cell 0 1 0 0 5.5061243402184283 -1
skip state false
cell 0 1 0 0 5.5061243402184283 -1
skip state false
cell 0 1 0 0 5.5061243402184283 -1
skip state false
cell 1 1 1 0.31310357008671647 5.5061243402184283 -1
skip 
gesture 0 0 0 0 0
rates 1 0.9163861870765686 -14.159512480757027 1 0.87909036874771118 -14.432624476000445
reproducible 1
end
