vorago-sweep-record 2
name Colony Pulse
takeCount 4
timeline 155 45 8.9999980926513672 160 220 160 220 220 280 280 340 340 398.99999809265137 408.99999809265137 408.99999809265137 0
takes 4
take 8 1 0.96605092287063599 -14.68558937477127 -26.557573554784589 -1.428535092091451 -151.31491202398723 1 1 1 1
minute 4.0049281500255747 -0.018606404649849157 -6.6559358484210636 -8.9549922292817818 -10.681204011657268 -16.927574156515572 -18.58550290168418 -19.509211186904373 -20 0.53801949894577161 -1.0655158313269557 1.3499288558959961 1.2146462624073258 5.0599149459275496
minute 3.9184315666647587 -0.0093167103592447127 -7.4200722712339129 -11.335708040082533 -13.800839524851073 -18.937761302455112 -20 -20 -20 0.61388589082843414 -1.0802433636258477 1.543501615524292 1.8226254181435215 5.5421443043638838
minute 4.138532541510604 -0.018897316802560717 -6.5008364541571968 -9.3742819127635393 -12.757340165769097 -14.879095422359393 -15.907695968809534 -16.830571379790207 -17.528800273107478 0.59696582839680645 -1.0860167885881293 1.4705190658569336 1.7590057873236742 5.2574038957311622
take 9 1 0.96605092287063599 -16.780723240462926 -26.710458704392881 1.9956344909257986 -141.9874612556826 1 1 1 1
minute 4.2057591109214822 -0.01443709791379888 -6.7677504953983103 -11.340948118156172 -12.53539922088134 -16.071631337060623 -17.176857837452562 -18.100516271801446 -18.798308185904325 0.50201325617803683 -1.1778121370346493 1.8308515548706055 1.0997888289986715 4.6456786841711528
minute 4.0370145968577589 -0.021767310978397347 -6.3417866478895348 -8.8528018417073486 -12.417503913794871 -17.21161718739743 -18.901771997988533 -19.830651595763936 -20 0.51435660438246777 -1.1019312245684469 1.6179937124252319 1.9333159737941579 5.8247002548220843
minute 3.9763254915348476 -0.011548391505861844 -7.0897295303051964 -11.595397910845804 -13.451597476560767 -15.118340666263535 -16.164101734742836 -17.086946992350114 -17.785392808435166 0.52623075357359816 -1.0960146038306686 1.5669865608215332 1.1328120189706716 4.4786756203383664
take 10 1 0.7117002010345459 -18.206982117939774 -24.151570887370074 -1.7683265868538989 -144.20763974931307 1 1 1 1
minute 4.1958492252832444 -0.010929807205148023 -7.1597288026697878 -11.546951134577421 -14.034826651264845 -18.807677017249222 -20 -20 -20 0.5488765480230563 -1.0604563690468873 1.3148812055587769 0.79854099262876022 4.6682638027920591
minute 4.0504527207372689 -0.0081466764874609972 -7.5524940660627511 -12.543540830188782 -16.25251968695369 -19.428078948148208 -20 -20 -20 0.6310866710027323 -1.0994476521233394 1.2976275682449341 1.0939049284916194 4.4680975780333059
minute 3.9778849774834022 -0.012760904705861737 -7.1727423911547703 -9.6034384394510433 -11.304680652296714 -17.85282851512158 -20 -20 -20 0.46151553490755365 -1.1198175866232907 1.5509214401245117 1.1636605628714387 4.5852605757959477
take 11 1 0.74967491626739502 -18.541623169184049 -24.622672698854593 0.91340490485241688 -132.61123405966825 1 1 1 1
minute 4.2697451700957991 -0.01606500066948276 -6.8323894117266564 -8.9935162955958319 -13.169220310716426 -19.824284446171774 -20 -20 -20 0.47416715039597424 -1.1785620085403017 1.8113328218460083 1.5569564875996493 4.9229809665446638
minute 4.5180136127201864 -0.020690598634840757 -6.3679513778716146 -9.1698493638854188 -13.251830130044322 -16.644478855327932 -17.742981051339893 -18.668999265520434 -19.367031384693469 0.39623760037832439 -1.2181276531234055 1.9646813869476318 0.90325580640025216 4.5919300561919316
minute 4.2284274221254252 -0.010366245242778405 -7.2595325486523778 -11.180931131565391 -14.522372118955753 -17.664060020997617 -18.784511814896106 -19.713562755347425 -20 0.55311433129475873 -1.1167093100552481 1.5548808574676514 1.3546201055472804 5.0150056924027826
mean 4.1267803821633624 -0.014461038762940446 -6.9267458204619317 -10.37436310400842 -13.181611155312179 -17.447285656255662 -18.605285275576136 -19.145038287289829 -19.456627721011703 0.52970580569229275 -1.1167212107072639 1.5728422204653421 1.3194277644314185 4.9216713647595745
selfDistance 2.8916888901078748
levelTwinD 2.8467758409254759e-06
storedMacros 0 0
cells 79
cell 1 1 1 6.6244183468725399 5.7833777802157496 -1
skip 
cell 1 1 1 3.0718061218547517 5.7833777802157496 -1
skip 
cell 1 1 1 0.38232094793323446 5.7833777802157496 -1
skip 
cell 1 1 1 0.036305352974904989 5.7833777802157496 -1
skip 
cell 1 1 1 0.62206574354191024 5.7833777802157496 -1
skip 
cell 1 1 1 0.01564356469019158 5.7833777802157496 -1
skip 
cell 1 1 1 13.914419955307327 5.7833777802157496 -1
skip 
cell 1 1 1 0.98181923449143327 5.7833777802157496 -1
skip 
cell 1 1 1 4.9743644256048052 5.7833777802157496 -1
skip 
cell 1 1 1 14.935315528790841 5.7833777802157496 -1
skip 
cell 0 1 0 0 5.7833777802157496 -1
skip M displacement
cell 0 1 0 0 5.7833777802157496 -1
skip M displacement
cell 0 1 0 0 5.7833777802157496 -1
skip M displacement
cell 0 1 0 0 5.7833777802157496 -1
skip M displacement
cell 0 1 0 0 5.7833777802157496 -1
skip M displacement
cell 0 1 0 0 5.7833777802157496 -1
skip M displacement
cell 0 1 0 0 5.7833777802157496 -1
skip M displacement
cell 0 1 0 0 5.7833777802157496 -1
skip M displacement
cell 0 1 0 0 5.7833777802157496 -1
skip M displacement
cell 0 1 0 0 5.7833777802157496 -1
skip M displacement
cell 0 1 0 0 5.7833777802157496 -1
skip M displacement
cell 0 1 0 0 5.7833777802157496 -1
skip M displacement
cell 1 1 1 0.62465723410192331 4.6571480479786915 0.62640520841831682
skip 
cell 1 1 1 3.3799547167168242 8.3240802563310385 0.62640520841831682
skip 
cell 1 1 1 7.6602682073969266 3.4175924977587773 0.62640520841831682
skip 
cell 1 1 1 0.64298458052731444 4.6176061472798811 0.62640520841831682
skip 
cell 1 1 1 6.7718106779094942 2.2520937930045388 0.62640520841831682
skip 
cell 1 1 1 1.3700430001256969 5.7833777802157496 -1
skip 
cell 1 1 1 1.3429496404704508 5.7833777802157496 -1
skip 
cell 0 1 0 0 0 -1
skip state-only kind
cell 0 1 0 0 0 -1
skip state-only kind
cell 0 1 0 0 0 -1
skip state-only kind
cell 0 1 0 0 0 -1
skip state-only kind
cell 0 1 0 0 0 -1
skip state-only kind
cell 1 1 0 0 0 -1
skip state-only kind
cell 1 1 0 0 0 -1
skip state-only kind
cell 0 1 0 0 0 -1
skip state-only kind
cell 0 1 0 0 0 -1
skip state-only kind
cell 0 1 0 0 0 -1
skip state-only kind
cell 0 1 0 0 0 -1
skip state-only kind
cell 1 1 0 0 0 -1
skip state-only kind
cell 1 1 1 6.6244183468725399 0 -1
skip 
cell 1 1 1 6.6244183468725399 0 -1
skip 
cell 1 1 1 6.6244183468725399 0 -1
skip 
cell 1 1 1 6.6244183468725399 0 -1
skip 
cell 0 1 0 0 0 -1
skip state-only kind
cell 0 1 0 0 0 -1
skip state-only kind
cell 0 1 0 0 0 -1
skip state-only kind
cell 0 1 0 0 0 -1
skip state-only kind
cell 0 1 0 0 0 -1
skip state-only kind
cell 1 1 0 0 0 -1
skip state-only kind
cell 0 1 0 0 0 -1
skip state-only kind
cell 0 1 0 0 0 -1
skip state-only kind
cell 0 1 0 0 0 -1
skip state-only kind
cell 0 1 0 0 0 -1
skip state-only kind
cell 0 1 0 0 0 -1
skip state-only kind
cell 0 1 0 0 0 -1
skip state-only kind
cell 0 1 0 0 0 -1
skip state-only kind
cell 0 1 0 0 0 -1
skip state-only kind
cell 1 1 0 0 0 -1
skip state-only kind
cell 1 0 0 0 0 -1
skip state-only kind
cell 0 0 0 0 0 -1
skip state-only kind
cell 0 0 0 0 0 -1
skip state-only kind
cell 1 0 0 0 0 -1
skip state-only kind
cell 0 0 0 0 0 -1
skip state-only kind
cell 0 0 0 0 0 -1
skip state-only kind
cell 1 1 0 0 0 -1
skip state-only kind
cell 0 1 0 0 0 -1
skip state-only kind
cell 0 1 0 0 0 -1
skip state-only kind
cell 1 1 0 0 0 -1
skip state-only kind
cell 0 0 0 0 0 -1
skip state-only kind
cell 1 1 0 0 0 -1
skip state-only kind
cell 0 1 0 0 0 -1
skip state-only kind
cell 0 1 0 0 0 -1
skip state-only kind
cell 1 1 0 0 0 -1
skip state-only kind
cell 0 1 0 0 5.7833777802157496 -1
skip state false
cell 1 1 1 0.19423894591667445 5.7833777802157496 -1
skip 
cell 0 1 0 0 5.7833777802157496 -1
skip state false
cell 0 1 0 0 5.7833777802157496 -1
skip state false
gesture 0 0 0 0 0
rates 1 0.96605092287063599 -16.558583778958109 1 0.96605092287063599 -14.274921338779951
reproducible 1
end
